record_type	focus_ref	target_ref	focus_direction_label	source_direction_label	source_focus_ref	source_target_ref	source_target_component_ref	relation_scope	source_column_order	source_row_role	source_note	source_file	source_line	source_row_sha256	source_record_type	linguistic_source_ref	projection_basis	source_relation_scope	host_authored
surface_alias_directional_evidence	8:0	1:3		strong	1:1	1:3	1:3	cross_surah	label_target_note	ranked_review	Direct repeat of both focus epithets; immediate continuation of the opening.	focus_1_1_cutoff_100.tsv	1	cd3d94a5fd1727d1ac00d5b1edd81a39de0207a0463afa262ea8239a45ee4625	directional_review	1:1	normalized_prefatory_basmala_surface_equivalence_v1	same_surah	false
surface_alias_directional_evidence	8:0	12:40		strong	1:1	12:40	12:40	cross_surah	label_target_note	ranked_review	Branch route joins naming, worship, exclusive divine rule, and upright order.	focus_1_1_cutoff_100.tsv	2	5427a992a2a189117d6faf19c08d69f9ac3b271f03845e15c812c66c4dc98713	directional_review	1:1	normalized_prefatory_basmala_surface_equivalence_v1	cross_surah	false
surface_alias_directional_evidence	8:0	27:30		strong	1:1	27:30	27:30	cross_surah	label_target_note	ranked_review	Exact full formula repeats focus in a distinct setting.	focus_1_1_cutoff_100.tsv	3	11ed7b0c8ed2ba312e81557a0f206e7998e607924a180aea9b9f395bba892a09	directional_review	1:1	normalized_prefatory_basmala_surface_equivalence_v1	cross_surah	false
surface_alias_directional_evidence	8:0	1:2		strong	1:1	1:2	1:2	cross_surah	label_target_note	ranked_review	Immediate continuation frames the name with praise and lordship.	focus_1_1_cutoff_100.tsv	4	305884ed375b57d0b45b4113b6c067553f33b5077801fb267d8323e30e3b435c	directional_review	1:1	normalized_prefatory_basmala_surface_equivalence_v1	same_surah	false
surface_alias_directional_evidence	8:0	2:163		strong	1:1	2:163	2:163	cross_surah	label_target_note	ranked_review	Pairs the exact epithets with divine oneness.	focus_1_1_cutoff_100.tsv	5	d44ac5f75f5555c9b55de0d7aa91f442d49d05ad1a7074c76fe492d6d356cd0a	directional_review	1:1	normalized_prefatory_basmala_surface_equivalence_v1	cross_surah	false
surface_alias_directional_evidence	8:0	37:118		medium	1:1	37:118	37:118	cross_surah	label_target_note	ranked_review	Branch link gives the guidance-route reading a parallel extension.	focus_1_1_cutoff_100.tsv	6	07060a3bd0dd6b746a996202e3d1c14c65123ffd137058e85db91c95960067e2	directional_review	1:1	normalized_prefatory_basmala_surface_equivalence_v1	cross_surah	false
surface_alias_directional_evidence	8:0	59:22		medium	1:1	59:22	59:22	cross_surah	label_target_note	ranked_review	Restates both epithets within a larger declaration of divine identity.	focus_1_1_cutoff_100.tsv	7	f2a7b6d4a5239ac80a5b3d7725bdd86814137c2c7c7fb3695ac63172f4e60433	directional_review	1:1	normalized_prefatory_basmala_surface_equivalence_v1	cross_surah	false
surface_alias_directional_evidence	8:0	1:4		medium	1:1	1:4	1:4	cross_surah	label_target_note	ranked_review	Immediate context supplies sovereignty and reckoning alongside focus.	focus_1_1_cutoff_100.tsv	8	5826d399e378364d38658a4f564689f797977806852b2df22198baa46a4b9b86	directional_review	1:1	normalized_prefatory_basmala_surface_equivalence_v1	same_surah	false
surface_alias_directional_evidence	8:0	11:41		medium	1:1	11:41	11:41	cross_surah	label_target_note	ranked_review	Reuses the opening naming formula and one focus epithet in a journey context.	focus_1_1_cutoff_100.tsv	9	7a61d44b9ab56e0b59227f091886e61bb6d5051d56481a54a8eeb198b9e34034	directional_review	1:1	normalized_prefatory_basmala_surface_equivalence_v1	cross_surah	false
surface_alias_directional_evidence	8:0	1:7		medium	1:1	1:7	1:7	cross_surah	label_target_note	ranked_review	Immediate context keeps route and favor/boundary readings in view.	focus_1_1_cutoff_100.tsv	10	f6fbec0f9a6122e54646f957303d78a71e1956a2c8979f5a6566adfe0b18499d	directional_review	1:1	normalized_prefatory_basmala_surface_equivalence_v1	same_surah	false
surface_alias_directional_evidence	8:0	17:110		medium	1:1	17:110	17:110	cross_surah	label_target_note	ranked_review	Names Allah and al-Rahman as parallel invocations and foregrounds names.	focus_1_1_cutoff_100.tsv	11	f3bb6049ebf536c17c46f817ac9df0118203279e50bc95d2343ef369eec9d3a9	directional_review	1:1	normalized_prefatory_basmala_surface_equivalence_v1	cross_surah	false
surface_alias_directional_evidence	8:0	7:180		medium	1:1	7:180	7:180	cross_surah	label_target_note	ranked_review	Branch link connects invocation by names with deviation as boundary.	focus_1_1_cutoff_100.tsv	12	e09169561c253667710e494fabd5f5cba0883c7130acdc7fb2bd41607520c35d	directional_review	1:1	normalized_prefatory_basmala_surface_equivalence_v1	cross_surah	false
surface_alias_directional_evidence	8:0	42:5		weak	1:1	42:5	42:5	cross_surah	label_target_note	ranked_review	Adds praise and forgiveness framing with one repeated focus epithet.	focus_1_1_cutoff_100.tsv	13	63c3fd9ba7c12f82d24ed8e03242e7d971d9cea0190b0b9f70fae1988be6f990	directional_review	1:1	normalized_prefatory_basmala_surface_equivalence_v1	cross_surah	false
surface_alias_directional_evidence	8:0	1:6		medium	1:1	1:6	1:6	cross_surah	label_target_note	ranked_review	Immediate context supplies the petition and route continuation.	focus_1_1_cutoff_100.tsv	14	65b8ff3d6b36086d964470d70f9d3e9fdf54cdb57ca71754f5a192cfdd3c807b	directional_review	1:1	normalized_prefatory_basmala_surface_equivalence_v1	same_surah	false
surface_alias_directional_evidence	8:0	3:129		weak	1:1	3:129	3:129	cross_surah	label_target_note	ranked_review	One repeated epithet occurs in a wider forgiveness/discipline frame.	focus_1_1_cutoff_100.tsv	15	e7de31e184cae4d84e83023b115c69fb2a9335219e422870d70d5e9c3d98c170	directional_review	1:1	normalized_prefatory_basmala_surface_equivalence_v1	cross_surah	false
surface_alias_directional_evidence	8:0	1:5		medium	1:1	1:5	1:5	cross_surah	label_target_note	ranked_review	Immediate context supplies worship and seeking-help response.	focus_1_1_cutoff_100.tsv	16	1d2f3d229bd25aeb7208ac89ab1025f23b498a583b74f3bf1b678aa7955a0cdd	directional_review	1:1	normalized_prefatory_basmala_surface_equivalence_v1	same_surah	false
surface_alias_directional_evidence	8:0	41:2		medium	1:1	41:2	41:2	cross_surah	label_target_note	ranked_review	Repeats both epithets while placing them in a descent frame.	focus_1_1_cutoff_100.tsv	17	467fe4cabdb630a4cd25648c31b1ec704382cf7bca59a7432b598bb6b81dc152	directional_review	1:1	normalized_prefatory_basmala_surface_equivalence_v1	cross_surah	false
surface_alias_directional_evidence	8:0	39:11		medium	1:1	39:11	39:11	cross_surah	label_target_note	ranked_review	Branch link directly relates exclusive service to focus channels.	focus_1_1_cutoff_100.tsv	18	52f8d1920438f66b0195128a68c7f96a183373d4cf6db2228a608595bbe982b4	directional_review	1:1	normalized_prefatory_basmala_surface_equivalence_v1	cross_surah	false
surface_alias_directional_evidence	8:0	36:5		weak	1:1	36:5	36:5	cross_surah	label_target_note	ranked_review	One focus epithet in another descent frame; largely redundant.	focus_1_1_cutoff_100.tsv	19	326340690e646020a548ad78fefe42fd31dfde013ed9cbe6bfdefca858b09b45	directional_review	1:1	normalized_prefatory_basmala_surface_equivalence_v1	cross_surah	false
surface_alias_directional_evidence	8:0	21:112		strong	1:1	21:112	21:112	cross_surah	label_target_note	ranked_review	Branch link joins appeal for judgment, aid, and the al-Rahman designation.	focus_1_1_cutoff_100.tsv	20	1cbbeeb4aba12807f5a1aca79919d642a57ad9ec51afc40347bdf260768049da	directional_review	1:1	normalized_prefatory_basmala_surface_equivalence_v1	cross_surah	false
surface_alias_directional_evidence	8:0	55:1		weak	1:1	55:1	55:1	cross_surah	label_target_note	ranked_review	Sole al-Rahman occurrence adds no context beyond earlier formula repeats.	focus_1_1_cutoff_100.tsv	21	7b7ca64a2a1f46c3fa873bf288c5732ee1287f2e918c0c56b2212322a6c87a1c	directional_review	1:1	normalized_prefatory_basmala_surface_equivalence_v1	cross_surah	false
surface_alias_directional_evidence	8:0	39:64		medium	1:1	39:64	39:64	cross_surah	label_target_note	ranked_review	Branch link preserves a contrary boundary against redirected worship.	focus_1_1_cutoff_100.tsv	22	ed6e49dd6061f91b4cb8a12967a6b4a8a198746fa4884a2f6daa4adc187c856e	directional_review	1:1	normalized_prefatory_basmala_surface_equivalence_v1	cross_surah	false
surface_alias_directional_evidence	8:0	26:217		weak	1:1	26:217	26:217	cross_surah	label_target_note	ranked_review	Al-Rahim occurs with another epithet; adds limited new context.	focus_1_1_cutoff_100.tsv	23	d21e0bd8310876a1ddd918e4fe35384007e89370ab2bcbd5331d9780f8fe0163	directional_review	1:1	normalized_prefatory_basmala_surface_equivalence_v1	cross_surah	false
surface_alias_directional_evidence	8:0	19:65		medium	1:1	19:65	19:65	cross_surah	label_target_note	ranked_review	Branch links combine worship, unique naming, and a non-equivalence boundary.	focus_1_1_cutoff_100.tsv	24	b4d4b3a6ebb1edf18f85204db087792b7a2a28d1d780ab39c4bbace1773e16aa	directional_review	1:1	normalized_prefatory_basmala_surface_equivalence_v1	cross_surah	false
surface_alias_directional_evidence	8:0	20:5		medium	1:1	20:5	20:5	cross_surah	label_target_note	ranked_review	Al-Rahman is paired with sovereignty, a distinct adjacent frame.	focus_1_1_cutoff_100.tsv	25	4fe24f78dbdea3b8ff656bf4dfb82a271e2ad5fdd0d2c654ece21276c25e49e5	directional_review	1:1	normalized_prefatory_basmala_surface_equivalence_v1	cross_surah	false
surface_alias_directional_evidence	8:0	19:7		weak	1:1	19:7	19:7	cross_surah	label_target_note	ranked_review	Branch name/namesake evidence is indirect and peripheral.	focus_1_1_cutoff_100.tsv	26	525cefed38d0bc324886bc1a468ab739b5a37731ab4746e60a4ad8a3cb5634ac	directional_review	1:1	normalized_prefatory_basmala_surface_equivalence_v1	cross_surah	false
surface_alias_directional_evidence	8:0	26:104		weak	1:1	26:104	26:104	cross_surah	label_target_note	ranked_review	Repeats al-Rahim in a recurring epithet pair.	focus_1_1_cutoff_100.tsv	27	f73de32ca05f904508a736ae2c9b48f3308a32927a9b09211120883256210b5d	directional_review	1:1	normalized_prefatory_basmala_surface_equivalence_v1	cross_surah	false
surface_alias_directional_evidence	8:0	23:75		weak	1:1	23:75	23:75	cross_surah	label_target_note	ranked_review	Root-only overlap plus body-related branch readings gives little focus help.	focus_1_1_cutoff_100.tsv	28	dfd74ef5cb61785e4e6fa5511cfb76e8c0e61fe2bc4a04d874b1a4a79a3c9b07	directional_review	1:1	normalized_prefatory_basmala_surface_equivalence_v1	cross_surah	false
surface_alias_directional_evidence	8:0	26:68		no value	1:1	26:68	26:68	cross_surah	label_target_note	ranked_review	Exact duplicate of the recurring epithet formula, already represented.	focus_1_1_cutoff_100.tsv	29	dafd6a4458abe6f27c8ebd3e7df673335e22958df3a36de92dde5739462a392f	directional_review	1:1	normalized_prefatory_basmala_surface_equivalence_v1	cross_surah	false
surface_alias_directional_evidence	8:0	24:7		weak	1:1	24:7	24:7	cross_surah	label_target_note	ranked_review	Branch link places divine naming within an oath counter-sequence.	focus_1_1_cutoff_100.tsv	30	974c0b43c6984e1cdbffe6ce8eb6ad56a82de83001c25ae948fd9d926e73e198	directional_review	1:1	normalized_prefatory_basmala_surface_equivalence_v1	cross_surah	false
surface_alias_directional_evidence	8:0	26:9		no value	1:1	26:9	26:9	cross_surah	label_target_note	ranked_review	Exact duplicate already covered by earlier occurrences.	focus_1_1_cutoff_100.tsv	31	a1d101affddd1249acdb5462cdf64fac390bc34d701d794ee8ffc37a33720b2c	directional_review	1:1	normalized_prefatory_basmala_surface_equivalence_v1	cross_surah	false
surface_alias_directional_evidence	8:0	24:9		weak	1:1	24:9	24:9	cross_surah	label_target_note	ranked_review	Counterpart oath sequence preserves the opposing side of branch evidence.	focus_1_1_cutoff_100.tsv	32	5d78c1cd2de65a21bffed4537175093a272589212d37f7b46f804eff7ffdcff0	directional_review	1:1	normalized_prefatory_basmala_surface_equivalence_v1	cross_surah	false
surface_alias_directional_evidence	8:0	37:182		medium	1:1	37:182	37:182	cross_surah	label_target_note	ranked_review	Repeats the praise-lordship frame already adjacent to focus.	focus_1_1_cutoff_100.tsv	33	2408a4b48a05f0c00710d0f837433193ccd5c2aa180c0b103323cc6cd2248576	directional_review	1:1	normalized_prefatory_basmala_surface_equivalence_v1	cross_surah	false
surface_alias_directional_evidence	8:0	24:22		medium	1:1	24:22	24:22	cross_surah	label_target_note	ranked_review	Branch link adds forgiveness/forbearance within kinship-related care.	focus_1_1_cutoff_100.tsv	34	5b9687f3e8c563026d5adb67d86aee770ff0c480a9a8f7555615f4d54da110b5	directional_review	1:1	normalized_prefatory_basmala_surface_equivalence_v1	cross_surah	false
surface_alias_directional_evidence	8:0	44:42		weak	1:1	44:42	44:42	cross_surah	label_target_note	ranked_review	Repeated al-Rahim formula in an exception frame; limited novelty.	focus_1_1_cutoff_100.tsv	35	3cfb19719b873ef64269ac520660013dd6f2479f8d8ab6bf8ebb8125e4fc2db2	directional_review	1:1	normalized_prefatory_basmala_surface_equivalence_v1	cross_surah	false
surface_alias_directional_evidence	8:0	6:118		medium	1:1	6:118	6:118	cross_surah	label_target_note	ranked_review	Branch links give named-use and route-alignment evidence.	focus_1_1_cutoff_100.tsv	36	1d4804ad3e617cca78433c9cabd5e20130ac5f76ecd34c3ac2aa9e7a6d670f3b	directional_review	1:1	normalized_prefatory_basmala_surface_equivalence_v1	cross_surah	false
surface_alias_directional_evidence	8:0	15:49		weak	1:1	15:49	15:49	cross_surah	label_target_note	ranked_review	Al-Rahim recurs in a forgiveness assertion with little new linkage.	focus_1_1_cutoff_100.tsv	37	e9c005902eaae4263674b7932c1889c25a3b3653d7966a4528d329c1bb86ab37	directional_review	1:1	normalized_prefatory_basmala_surface_equivalence_v1	cross_surah	false
surface_alias_directional_evidence	8:0	95:8		weak	1:1	95:8	95:8	cross_surah	label_target_note	ranked_review	Several branch links are broad and do not localize a clear focus reading.	focus_1_1_cutoff_100.tsv	38	1de12145cd6ff6a8fdef710806fb4a4518ee0e5ac56a97d5ba8e3c90ae5eaab9	directional_review	1:1	normalized_prefatory_basmala_surface_equivalence_v1	cross_surah	false
surface_alias_directional_evidence	8:0	30:5		weak	1:1	30:5	30:5	cross_surah	label_target_note	ranked_review	Al-Rahim occurs in a victory frame; marginal after prior formula cards.	focus_1_1_cutoff_100.tsv	39	ba369d66b9f218710d95b23029107f8867ff9b19e71dd60917e3fac7c282b966	directional_review	1:1	normalized_prefatory_basmala_surface_equivalence_v1	cross_surah	false
surface_alias_directional_evidence	8:0	73:8		medium	1:1	73:8	73:8	cross_surah	label_target_note	ranked_review	Branch links foreground name-remembrance while retaining parallel readings.	focus_1_1_cutoff_100.tsv	40	e2e007b96ab8968272011562b8a959c84654af21303a9d85d217e44a96409d45	directional_review	1:1	normalized_prefatory_basmala_surface_equivalence_v1	cross_surah	false
surface_alias_directional_evidence	8:0	20:8		medium	1:1	20:8	20:8	cross_surah	label_target_note	ranked_review	Compact name-and-excellence formulation, though redundant with earlier name cards.	focus_1_1_cutoff_100.tsv	41	1d1546b24595c3a31b2fc018295eca5a83bec0372c51aac23145486256467fc3	directional_review	1:1	normalized_prefatory_basmala_surface_equivalence_v1	cross_surah	false
surface_alias_directional_evidence	8:0	109:6		medium	1:1	109:6	109:6	cross_surah	label_target_note	ranked_review	Branch evidence preserves distinct-worship and related contrary/secondary readings.	focus_1_1_cutoff_100.tsv	42	1b939e78d68df7df1f2441afcff7071e6bb83f9d8f1b327b826faa6d38d182c9	directional_review	1:1	normalized_prefatory_basmala_surface_equivalence_v1	cross_surah	false
surface_alias_directional_evidence	8:0	19:93		weak	1:1	19:93	19:93	cross_surah	label_target_note	ranked_review	Service to al-Rahman adds a limited dependency reading.	focus_1_1_cutoff_100.tsv	43	7d12351cae5ae3b029ce8e8dd20201588af0fcc9383db69da4309e4b449765dd	directional_review	1:1	normalized_prefatory_basmala_surface_equivalence_v1	cross_surah	false
surface_alias_directional_evidence	8:0	73:9		weak	1:1	73:9	73:9	cross_surah	label_target_note	ranked_review	Exclusive divine identity and reliance add only indirect support.	focus_1_1_cutoff_100.tsv	44	e1e5c77e26671ec55ba9632384288bc27e62c0fbb2071fa942f3f41dc25b8993	directional_review	1:1	normalized_prefatory_basmala_surface_equivalence_v1	cross_surah	false
surface_alias_directional_evidence	8:0	9:104		weak	1:1	9:104	9:104	cross_surah	label_target_note	ranked_review	Return-plus-al-Rahim framing is now redundant.	focus_1_1_cutoff_100.tsv	45	701ccb95c6314d8d5f33cdfd438864dac26ecb1575962ac2c9ecb0b6dde96c65	directional_review	1:1	normalized_prefatory_basmala_surface_equivalence_v1	cross_surah	false
surface_alias_directional_evidence	8:0	93:11		weak	1:1	93:11	93:11	cross_surah	label_target_note	ranked_review	Broad branch resonances are indirect; proclamation adds little to focus.	focus_1_1_cutoff_100.tsv	46	5c1057a569059450ba958d1b2dd858a17c70f88e319450256c1b63a04e52633e	directional_review	1:1	normalized_prefatory_basmala_surface_equivalence_v1	cross_surah	false
surface_alias_directional_evidence	8:0	39:53		weak	1:1	39:53	39:53	cross_surah	label_target_note	ranked_review	Forgiveness/al-Rahim framing repeats earlier evidence.	focus_1_1_cutoff_100.tsv	47	fdfe6fff329cde20b94c76967e4a06314976f58c26ca99b080fa543c0a1139b0	directional_review	1:1	normalized_prefatory_basmala_surface_equivalence_v1	cross_surah	false
surface_alias_directional_evidence	8:0	12:98		weak	1:1	12:98	12:98	cross_surah	label_target_note	ranked_review	Same forgiveness-and-al-Rahim pattern with no new route.	focus_1_1_cutoff_100.tsv	48	74973ccd3d31225af656e40fcbffb35830f78fa8bfc637ede9cc527e14f7b641	directional_review	1:1	normalized_prefatory_basmala_surface_equivalence_v1	cross_surah	false
surface_alias_directional_evidence	8:0	67:3		weak	1:1	67:3	67:3	cross_surah	label_target_note	ranked_review	Al-Rahman in a creation frame adds only a secondary reading.	focus_1_1_cutoff_100.tsv	49	c26d1e4b9e5527599eec6b92fccbd70bcb3c1ad51b3a98d4ac0e7c2a9d2dae13	directional_review	1:1	normalized_prefatory_basmala_surface_equivalence_v1	cross_surah	false
surface_alias_directional_evidence	8:0	9:118		weak	1:1	9:118	9:118	cross_surah	label_target_note	ranked_review	Return/repair frame duplicates established al-Rahim evidence.	focus_1_1_cutoff_100.tsv	50	213d7359b2d9f673e769e8c7d121fa363db7b8c0a9d717a6092516c61f932a09	directional_review	1:1	normalized_prefatory_basmala_surface_equivalence_v1	cross_surah	false
surface_alias_directional_evidence	8:0	2:160		weak	1:1	2:160	2:160	cross_surah	label_target_note	ranked_review	Repeats return/repair plus al-Rahim, with limited novelty.	focus_1_1_cutoff_100.tsv	51	e2a6fc6fbd473b38b1350e5430c1a2d451c72de477fb1d052c747ec3c157212e	directional_review	1:1	normalized_prefatory_basmala_surface_equivalence_v1	cross_surah	false
surface_alias_directional_evidence	8:0	2:37		weak	1:1	2:37	2:37	cross_surah	label_target_note	ranked_review	Same return/al-Rahim pattern, now redundant.	focus_1_1_cutoff_100.tsv	52	90487ec4fb74d3b29234525ee27c75f23377347b0ef279c43fe98ec246303ce0	directional_review	1:1	normalized_prefatory_basmala_surface_equivalence_v1	cross_surah	false
surface_alias_directional_evidence	8:0	78:37		weak	1:1	78:37	78:37	cross_surah	label_target_note	ranked_review	Al-Rahman with cosmic lordship adds a secondary frame.	focus_1_1_cutoff_100.tsv	53	b17e5b8558c62f2f297c2f62baf5deaa0f13850925a0a506cc5eb6cf765d5b21	directional_review	1:1	normalized_prefatory_basmala_surface_equivalence_v1	cross_surah	false
surface_alias_directional_evidence	8:0	19:58		weak	1:1	19:58	19:58	cross_surah	label_target_note	ranked_review	Al-Rahman-related recitation/prostration adds a secondary response reading.	focus_1_1_cutoff_100.tsv	54	717e0ca76d12922e6a46080607eae5a0d1dd40cf41b2e427669519be35a0b8ec	directional_review	1:1	normalized_prefatory_basmala_surface_equivalence_v1	cross_surah	false
surface_alias_directional_evidence	8:0	10:107		weak	1:1	10:107	10:107	cross_surah	label_target_note	ranked_review	Al-Rahim in benefit/harm framing has limited new focus value.	focus_1_1_cutoff_100.tsv	55	1b3377ce174185a152de59da8a6eda7e43ad3870b7f75f1374c86bbedf4fa730	directional_review	1:1	normalized_prefatory_basmala_surface_equivalence_v1	cross_surah	false
surface_alias_directional_evidence	8:0	2:128		weak	1:1	2:128	2:128	cross_surah	label_target_note	ranked_review	Return/al-Rahim formula remains redundant.	focus_1_1_cutoff_100.tsv	56	b55d0e5d07637085983387979c8dd48aa065d8fcd9f3be138837a2a3239894c7	directional_review	1:1	normalized_prefatory_basmala_surface_equivalence_v1	cross_surah	false
surface_alias_directional_evidence	8:0	34:2		weak	1:1	34:2	34:2	cross_surah	label_target_note	ranked_review	Al-Rahim paired with movements across realms is secondary at most.	focus_1_1_cutoff_100.tsv	57	7b296917c19eacebc3650cb686ae2fc5c5cf56f63c9e9f250d665191c3311636	directional_review	1:1	normalized_prefatory_basmala_surface_equivalence_v1	cross_surah	false
surface_alias_directional_evidence	8:0	46:8		weak	1:1	46:8	46:8	cross_surah	label_target_note	ranked_review	Al-Rahim in a dispute/revelation frame has limited connection.	focus_1_1_cutoff_100.tsv	58	b5a800b0cfdc550cca5859d763384829401df7cba40c4df5ba78e35518b5df7a	directional_review	1:1	normalized_prefatory_basmala_surface_equivalence_v1	cross_surah	false
surface_alias_directional_evidence	8:0	25:59		weak	1:1	25:59	25:59	cross_surah	label_target_note	ranked_review	Al-Rahman with creation/sovereignty repeats an earlier adjacent frame.	focus_1_1_cutoff_100.tsv	59	963e46efaa5da77b90cad21f66c0c46b9493d27a5063614f2f21db6b9d6bf1cb	directional_review	1:1	normalized_prefatory_basmala_surface_equivalence_v1	cross_surah	false
surface_alias_directional_evidence	8:0	2:54		weak	1:1	2:54	2:54	cross_surah	label_target_note	ranked_review	Return/al-Rahim recurrence adds no distinct focus route.	focus_1_1_cutoff_100.tsv	60	be75710967952adb131a921cc0ed8cea235cade1b60bbc4e83dfe1e56fee1003	directional_review	1:1	normalized_prefatory_basmala_surface_equivalence_v1	cross_surah	false
surface_alias_directional_evidence	8:0	6:12		medium	1:1	6:12	6:12	cross_surah	label_target_note	ranked_review	Explicitly connects divine self-description with الرحمة, extending the epithet field.	focus_1_1_cutoff_100.tsv	61	cf68b2df3d2da00fc1e988390e8888a74cc95ff2fcd43e93c8e02b031aa397b3	directional_review	1:1	normalized_prefatory_basmala_surface_equivalence_v1	cross_surah	false
surface_alias_directional_evidence	8:0	2:192		weak	1:1	2:192	2:192	cross_surah	label_target_note	ranked_review	Forgiveness/al-Rahim formula is redundant.	focus_1_1_cutoff_100.tsv	62	13b47c3288705b130dbb689b2d29f874cfd8d1c20815fec348187d300d6deb70	directional_review	1:1	normalized_prefatory_basmala_surface_equivalence_v1	cross_surah	false
surface_alias_directional_evidence	8:0	25:6		weak	1:1	25:6	25:6	cross_surah	label_target_note	ranked_review	Al-Rahim linked to sending/hidden knowledge is secondary.	focus_1_1_cutoff_100.tsv	63	a47b1cffd5cb7ffdbd8e1f6d5909ecf906109698af81d8ce17a8bc8452302b0f	directional_review	1:1	normalized_prefatory_basmala_surface_equivalence_v1	cross_surah	false
surface_alias_directional_evidence	8:0	2:199		weak	1:1	2:199	2:199	cross_surah	label_target_note	ranked_review	Forgiveness/al-Rahim formula repeats prior cards.	focus_1_1_cutoff_100.tsv	64	fbc8cdfda96baa5cb2d71b326f03e95c8c0a862dcdb0408c1829b9af8eee1042	directional_review	1:1	normalized_prefatory_basmala_surface_equivalence_v1	cross_surah	false
surface_alias_directional_evidence	8:0	2:143		weak	1:1	2:143	2:143	cross_surah	label_target_note	ranked_review	Compassionate epithet in a community/test frame is indirect.	focus_1_1_cutoff_100.tsv	65	7fe23627b024317f869baf5e1c90d37960ab7bc395ccf7831eae773d2927ee0b	directional_review	1:1	normalized_prefatory_basmala_surface_equivalence_v1	cross_surah	false
surface_alias_directional_evidence	8:0	48:14		weak	1:1	48:14	48:14	cross_surah	label_target_note	ranked_review	Forgiveness/al-Rahim formula repeats established evidence.	focus_1_1_cutoff_100.tsv	66	2e1374a435c40fb3be7fc301752b45f4497ee5c94109c2550929d0ec41a5540c	directional_review	1:1	normalized_prefatory_basmala_surface_equivalence_v1	cross_surah	false
surface_alias_directional_evidence	8:0	22:65		weak	1:1	22:65	22:65	cross_surah	label_target_note	ranked_review	Compassionate epithet amid cosmic control has limited novelty.	focus_1_1_cutoff_100.tsv	67	3b4c5a240af46995d06e187a8c01cfeb9db919a452aaf60d86a154ced7ba8381	directional_review	1:1	normalized_prefatory_basmala_surface_equivalence_v1	cross_surah	false
surface_alias_directional_evidence	8:0	2:173		weak	1:1	2:173	2:173	cross_surah	label_target_note	ranked_review	Forgiveness/al-Rahim after prohibition/necessity is peripheral.	focus_1_1_cutoff_100.tsv	68	b8b1a318b07cd3e99487e816359c672441a7e67cc3fb74e510fbe1b898326011	directional_review	1:1	normalized_prefatory_basmala_surface_equivalence_v1	cross_surah	false
surface_alias_directional_evidence	8:0	2:182		weak	1:1	2:182	2:182	cross_surah	label_target_note	ranked_review	Same forgiveness/al-Rahim closure, redundant.	focus_1_1_cutoff_100.tsv	69	7a5dd6de0178236a43a56b4c247b92ca633ca7cdaa219ef4fdf7f4d6c5441f64	directional_review	1:1	normalized_prefatory_basmala_surface_equivalence_v1	cross_surah	false
surface_alias_directional_evidence	8:0	25:48		weak	1:1	25:48	25:48	cross_surah	label_target_note	ranked_review	Root-only overlap in landscape imagery has no exact focus route.	focus_1_1_cutoff_100.tsv	70	2f3668360c8e07ba660c9125d11a61c49f7a3e0f20405610454b43f0ba67dafd	directional_review	1:1	normalized_prefatory_basmala_surface_equivalence_v1	cross_surah	false
surface_alias_directional_evidence	8:0	2:105		weak	1:1	2:105	2:105	cross_surah	label_target_note	ranked_review	Rahma-root and favor wording add only general parallel evidence.	focus_1_1_cutoff_100.tsv	71	4e3eb905d260e3ed706fb78d50f770c6ea2330ae89d38644b2529d79fd1109b0	directional_review	1:1	normalized_prefatory_basmala_surface_equivalence_v1	cross_surah	false
surface_alias_directional_evidence	8:0	39:38		weak	1:1	39:38	39:38	cross_surah	label_target_note	ranked_review	Rahma and reliance occur but remain indirect.	focus_1_1_cutoff_100.tsv	72	4280ade387ea389dcc63f09a35dbabd31cfbdfbd2fb267cfdbb078334ee5c5de	directional_review	1:1	normalized_prefatory_basmala_surface_equivalence_v1	cross_surah	false
surface_alias_directional_evidence	8:0	2:64		weak	1:1	2:64	2:64	cross_surah	label_target_note	ranked_review	Rahma/favor root occurrence is redundant and indirect.	focus_1_1_cutoff_100.tsv	73	85670186e5b840b02e883c1be7d7aba0c1aa38c8dab466461968ee105ef22c49	directional_review	1:1	normalized_prefatory_basmala_surface_equivalence_v1	cross_surah	false
surface_alias_directional_evidence	8:0	22:5		no value	1:1	22:5	22:5	cross_surah	label_target_note	ranked_review	Root-only reproductive/landscape material does not clarify focus.	focus_1_1_cutoff_100.tsv	74	c24d03528f72cb5650a0efb97b946e52672bb9488766c38a57450881a8b89acc	directional_review	1:1	normalized_prefatory_basmala_surface_equivalence_v1	cross_surah	false
surface_alias_directional_evidence	8:0	26:122		no value	1:1	26:122	26:122	cross_surah	label_target_note	ranked_review	Exact recurring epithet formula already exhausted.	focus_1_1_cutoff_100.tsv	75	408d299d09b511e8354dd6c0357602c3491f60a01dc76641d94272452eebc86e	directional_review	1:1	normalized_prefatory_basmala_surface_equivalence_v1	cross_surah	false
surface_alias_directional_evidence	8:0	26:140		no value	1:1	26:140	26:140	cross_surah	label_target_note	ranked_review	Exact recurring formula repeated.	focus_1_1_cutoff_100.tsv	76	57eb5229f9c3083aeaf5f2eb213c649340b58f29b76f8c6782b3274dadf7f738	directional_review	1:1	normalized_prefatory_basmala_surface_equivalence_v1	cross_surah	false
surface_alias_directional_evidence	8:0	26:159		no value	1:1	26:159	26:159	cross_surah	label_target_note	ranked_review	Exact recurring formula repeated.	focus_1_1_cutoff_100.tsv	77	e61aafb9217da6c4c08fef0e6794c2fd57e266cd6d562b9dacdd127553731096	directional_review	1:1	normalized_prefatory_basmala_surface_equivalence_v1	cross_surah	false
surface_alias_directional_evidence	8:0	32:6		weak	1:1	32:6	32:6	cross_surah	label_target_note	ranked_review	Al-Rahim with knowledge/strength gives a compact but late secondary pairing.	focus_1_1_cutoff_100.tsv	78	89caf3edac14499fad9681d02edbd3a9f5bf9a1cffc0c2121659abb0847cf945	directional_review	1:1	normalized_prefatory_basmala_surface_equivalence_v1	cross_surah	false
surface_alias_directional_evidence	8:0	26:175		no value	1:1	26:175	26:175	cross_surah	label_target_note	ranked_review	Exact recurring formula repeated.	focus_1_1_cutoff_100.tsv	79	aeb1d45a1bd51e369988940ab95ccceb2e6a3b2c14fdae9878a157bfa90d4db6	directional_review	1:1	normalized_prefatory_basmala_surface_equivalence_v1	cross_surah	false
surface_alias_directional_evidence	8:0	26:191		no value	1:1	26:191	26:191	cross_surah	label_target_note	ranked_review	Exact recurring formula repeated.	focus_1_1_cutoff_100.tsv	80	03c2374279fcc999926af502654c4a80c69e29203a82bd7c2a89f6a4c5bb38eb	directional_review	1:1	normalized_prefatory_basmala_surface_equivalence_v1	cross_surah	false
surface_alias_directional_evidence	8:0	112:2		weak	1:1	112:2	112:2	cross_surah	label_target_note	ranked_review	Divine-name declaration adds a limited identity reading.	focus_1_1_cutoff_100.tsv	81	9ec8994b591f80f4f58f58de049a54aee2ac691a096783b75a17660aec13c8af	directional_review	1:1	normalized_prefatory_basmala_surface_equivalence_v1	cross_surah	false
surface_alias_directional_evidence	8:0	70:3		weak	1:1	70:3	70:3	cross_surah	label_target_note	ranked_review	Divine-name occurrence in an ascent frame is peripheral.	focus_1_1_cutoff_100.tsv	82	e9069187eda3d9cbeb161801426195f21e3126f77a2403aad2653783f62a17b9	directional_review	1:1	normalized_prefatory_basmala_surface_equivalence_v1	cross_surah	false
surface_alias_directional_evidence	8:0	36:58		weak	1:1	36:58	36:58	cross_surah	label_target_note	ranked_review	Al-Rahim as a spoken-address qualifier is only secondary.	focus_1_1_cutoff_100.tsv	83	bfbb60e7f663e27040e715b3cbf03274b0bbf1a1fb2868e4912eb9e890ddbcd2	directional_review	1:1	normalized_prefatory_basmala_surface_equivalence_v1	cross_surah	false
surface_alias_directional_evidence	8:0	55:78		weak	1:1	55:78	55:78	cross_surah	label_target_note	ranked_review	Name plus majesty/honor extends naming, but weakly.	focus_1_1_cutoff_100.tsv	84	b306b5542c7128b76561c4a0fff5c27d962c85ccfbaf2f788b42a796e7778ceb	directional_review	1:1	normalized_prefatory_basmala_surface_equivalence_v1	cross_surah	false
surface_alias_directional_evidence	8:0	26:193		no value	1:1	26:193	26:193	cross_surah	label_target_note	ranked_review	No direct lexical or explicit channel route to focus.	focus_1_1_cutoff_100.tsv	85	2e3d14973f824763e56008e09f4c537d2a15e04320ddbd462da0a662a7fca67d	directional_review	1:1	normalized_prefatory_basmala_surface_equivalence_v1	cross_surah	false
surface_alias_directional_evidence	8:0	50:33		weak	1:1	50:33	50:33	cross_surah	label_target_note	ranked_review	Al-Rahman with reverence/return adds a secondary response reading.	focus_1_1_cutoff_100.tsv	86	821d4f2d2cdfe5f10c28c40ffca16f03a233412097042dbf2ecdf4cede688711	directional_review	1:1	normalized_prefatory_basmala_surface_equivalence_v1	cross_surah	false
surface_alias_directional_evidence	8:0	19:88		weak	1:1	19:88	19:88	cross_surah	label_target_note	ranked_review	Contrary claim about al-Rahman is boundary evidence, not positive support.	focus_1_1_cutoff_100.tsv	87	c289f729effc5f9af287541864d696902c45a2f577d9225f98a7239fb0274ee8	directional_review	1:1	normalized_prefatory_basmala_surface_equivalence_v1	cross_surah	false
surface_alias_directional_evidence	8:0	78:38		weak	1:1	78:38	78:38	cross_surah	label_target_note	ranked_review	Al-Rahman in judgment/speech-permission framing adds a secondary boundary.	focus_1_1_cutoff_100.tsv	88	b29dc2966b3d3ed42c965aba157fd26594f5f19e12b2b21ca0aa3d57e4c78343	directional_review	1:1	normalized_prefatory_basmala_surface_equivalence_v1	cross_surah	false
surface_alias_directional_evidence	8:0	19:85		weak	1:1	19:85	19:85	cross_surah	label_target_note	ranked_review	Al-Rahman as destination/assembly adds a secondary relation.	focus_1_1_cutoff_100.tsv	89	c72b63c7828ab7896fd534eeeede45237e748f830aa826db8e94304d94cee32b	directional_review	1:1	normalized_prefatory_basmala_surface_equivalence_v1	cross_surah	false
surface_alias_directional_evidence	8:0	25:60		weak	1:1	25:60	25:60	cross_surah	label_target_note	ranked_review	Refusal to prostrate to al-Rahman is contrary boundary evidence only.	focus_1_1_cutoff_100.tsv	90	348bff415f6a6ddd4650f5cb59a3a47b852146fbc16071611cc1cbe3d5590e06	directional_review	1:1	normalized_prefatory_basmala_surface_equivalence_v1	cross_surah	false
surface_alias_directional_evidence	8:0	49:8		weak	1:1	49:8	49:8	cross_surah	label_target_note	ranked_review	Divine favor/grace wording is distant and tail-audit only.	focus_1_1_cutoff_100.tsv	91	345edd5323b69156ae952905929b27c3be25d6af4c1f1547ae1ef6e44b9e4b41	directional_review	1:1	normalized_prefatory_basmala_surface_equivalence_v1	cross_surah	false
surface_alias_directional_evidence	8:0	2:207		weak	1:1	2:207	2:207	cross_surah	label_target_note	ranked_review	Divine pleasure/servants framing is distant and tail-audit only.	focus_1_1_cutoff_100.tsv	92	65f8f6024db6cf18bbe2d035b91f88d07100dbd7e44b0f7d7eba323cb112c796	directional_review	1:1	normalized_prefatory_basmala_surface_equivalence_v1	cross_surah	false
surface_alias_directional_evidence	8:0	47:4		no value	1:1	47:4	47:4	cross_surah	label_target_note	ranked_review	Tail-audit conflict material has no focused route.	focus_1_1_cutoff_100.tsv	93	6009110cea49cd7d60bc78483ef77ead2625ddd1c0cc61dcd01c1ceb079177aa	directional_review	1:1	normalized_prefatory_basmala_surface_equivalence_v1	cross_surah	false
surface_alias_directional_evidence	8:0	5:54		weak	1:1	5:54	5:54	cross_surah	label_target_note	ranked_review	Divine favor in allegiance context is distant tail-audit evidence.	focus_1_1_cutoff_100.tsv	94	6fc6776db36ba670bdbacaaba8b611994aec483d550ac062a8c628da3d7d820e	directional_review	1:1	normalized_prefatory_basmala_surface_equivalence_v1	cross_surah	false
surface_alias_directional_evidence	8:0	29:21		weak	1:1	29:21	29:21	cross_surah	label_target_note	ranked_review	Root-only rahma in return/punishment framing is indirect tail-audit evidence.	focus_1_1_cutoff_100.tsv	95	84b6348305e21b2678ad4e4be741c7a9823aeb9839cc392753a0d385684979de	directional_review	1:1	normalized_prefatory_basmala_surface_equivalence_v1	cross_surah	false
surface_alias_directional_evidence	8:0	3:154		no value	1:1	3:154	3:154	cross_surah	label_target_note	ranked_review	Tail-audit divine-name occurrence does not clarify focus.	focus_1_1_cutoff_100.tsv	96	128b4406d8dcaedf11d227a9e8af147814eaf4a2407af149d34f57d4ef457611	directional_review	1:1	normalized_prefatory_basmala_surface_equivalence_v1	cross_surah	false
surface_alias_directional_evidence	8:0	28:76		no value	1:1	28:76	28:76	cross_surah	label_target_note	ranked_review	Tail-audit narrative occurrence has no focused route.	focus_1_1_cutoff_100.tsv	97	115cab427871e9ad5bc96584aa5293e61bdcb21030d70d06b73acc74a1ab1e52	directional_review	1:1	normalized_prefatory_basmala_surface_equivalence_v1	cross_surah	false
surface_alias_directional_evidence	8:0	66:3		no value	1:1	66:3	66:3	cross_surah	label_target_note	ranked_review	Tail-audit divine-name occurrence has no focused route.	focus_1_1_cutoff_100.tsv	98	03a7fffeff500353dce54efc0a7f248dc7e3d05b7949234a18262df331595c13	directional_review	1:1	normalized_prefatory_basmala_surface_equivalence_v1	cross_surah	false
surface_alias_directional_evidence	8:0	61:14		weak	1:1	61:14	61:14	cross_surah	label_target_note	ranked_review	Service/support toward God is indirect tail-audit evidence.	focus_1_1_cutoff_100.tsv	99	30e94112bc4dad5b7a62c8705332686806de628b7fb7b93e0bfd279dd59668ae	directional_review	1:1	normalized_prefatory_basmala_surface_equivalence_v1	cross_surah	false
surface_alias_directional_evidence	8:0	2:259		no value	1:1	2:259	2:259	cross_surah	label_target_note	ranked_review	Tail-audit divine-name occurrence has no focused route.	focus_1_1_cutoff_100.tsv	100	a71f7cd2636e9e4ca9f5793d33b8263f64dfa3909df43efaaef5c0f023111838	directional_review	1:1	normalized_prefatory_basmala_surface_equivalence_v1	cross_surah	false
surface_alias_directional_evidence	8:0	6:54		medium	1:1	6:54	6:54	cross_surah	label_target_note	missing_ayah_suggestion	Explicit rahma self-description complements the related 6:12 reading.	focus_1_1_cutoff_100.tsv	101	90360ac93707ff1df38dd1462c93feeaeb2b30133eef97abe311346ab42ab0b0	directional_review	1:1	normalized_prefatory_basmala_surface_equivalence_v1	cross_surah	false
surface_alias_directional_evidence	8:0	7:56		medium	1:1	7:56	7:56	cross_surah	label_target_note	missing_ayah_suggestion	Rahma is placed beside invocation, fear, hope, and conduct.	focus_1_1_cutoff_100.tsv	102	eaf36036b78d7619d2bc2de42f24f9682d0bfd44a82070f79ee42339a01a3389	directional_review	1:1	normalized_prefatory_basmala_surface_equivalence_v1	cross_surah	false
surface_alias_directional_evidence	8:0	7:156		strong	1:1	7:156	7:156	cross_surah	label_target_note	missing_ayah_suggestion	Explicitly extends the rahma field with unusually broad scope.	focus_1_1_cutoff_100.tsv	103	f1635363f2f515911b33cc6b1710979972855589df61b8c2e11bc46b23bef235	directional_review	1:1	normalized_prefatory_basmala_surface_equivalence_v1	cross_surah	false
surface_alias_directional_evidence	8:0	19:18		medium	1:1	19:18	19:18	cross_surah	label_target_note	missing_ayah_suggestion	Al-Rahman occurs as the referent of seeking refuge.	focus_1_1_cutoff_100.tsv	104	d8919c806ea660390457319dd977fe3e9aa3a49ef2a49bcb0fd7fbde6da24db9	directional_review	1:1	normalized_prefatory_basmala_surface_equivalence_v1	cross_surah	false
surface_alias_directional_evidence	8:0	19:44		medium	1:1	19:44	19:44	cross_surah	label_target_note	missing_ayah_suggestion	Directly joins worship-boundary language with al-Rahman.	focus_1_1_cutoff_100.tsv	105	d71c88b86f83b8c2b9e2112bc57cc47cb99777059a3252126b730e126350e92f	directional_review	1:1	normalized_prefatory_basmala_surface_equivalence_v1	cross_surah	false
surface_alias_directional_evidence	8:0	19:45		medium	1:1	19:45	19:45	cross_surah	label_target_note	missing_ayah_suggestion	Al-Rahman occurs in a warning/boundary frame.	focus_1_1_cutoff_100.tsv	106	3c50ad0b7d8f00e7b12f27e0cd3e15756eb007bb9ab056cd6ac3ce62a3410292	directional_review	1:1	normalized_prefatory_basmala_surface_equivalence_v1	cross_surah	false
surface_alias_directional_evidence	8:0	20:90		strong	1:1	20:90	20:90	cross_surah	label_target_note	missing_ayah_suggestion	Directly joins al-Rahman, lordship, following, and obedience.	focus_1_1_cutoff_100.tsv	107	b94e238b642f93dadde4d34b93adc3a635f6268ccebeca12aa7b3122f82f50b5	directional_review	1:1	normalized_prefatory_basmala_surface_equivalence_v1	cross_surah	false
surface_alias_directional_evidence	8:0	21:42		weak	1:1	21:42	21:42	cross_surah	label_target_note	missing_ayah_suggestion	Al-Rahman occurs in a protective-power boundary question.	focus_1_1_cutoff_100.tsv	108	94d04d8d7b08ce32d8e76df619d10bb61f35056b49d98e870abd4e14dc75dfd6	directional_review	1:1	normalized_prefatory_basmala_surface_equivalence_v1	cross_surah	false
surface_alias_directional_evidence	8:0	25:63		medium	1:1	25:63	25:63	cross_surah	label_target_note	missing_ayah_suggestion	Servants of al-Rahman provide a distinct service/dependence reading.	focus_1_1_cutoff_100.tsv	109	f50567c214fdb754df0117d34e661c85c810779cc0a5bd719b91a7ed3ce33541	directional_review	1:1	normalized_prefatory_basmala_surface_equivalence_v1	cross_surah	false
surface_alias_directional_evidence	8:0	26:5		weak	1:1	26:5	26:5	cross_surah	label_target_note	missing_ayah_suggestion	Al-Rahman occurs in a reminder/reception frame.	focus_1_1_cutoff_100.tsv	110	161d85eb8f159b820651b6848c5a7a538a5d59f0b091c5f18e5744e72f1522a6	directional_review	1:1	normalized_prefatory_basmala_surface_equivalence_v1	cross_surah	false
surface_alias_directional_evidence	8:0	36:11		medium	1:1	36:11	36:11	cross_surah	label_target_note	missing_ayah_suggestion	Al-Rahman with unseen reverence provides a response reading.	focus_1_1_cutoff_100.tsv	111	d4bf667eedd497158855c963f2299a9c8c223417dcd400834b2ff08bdd8ba653	directional_review	1:1	normalized_prefatory_basmala_surface_equivalence_v1	cross_surah	false
surface_alias_directional_evidence	8:0	36:23		medium	1:1	36:23	36:23	cross_surah	label_target_note	missing_ayah_suggestion	Al-Rahman appears in a boundary against rival deities and reliance on them.	focus_1_1_cutoff_100.tsv	112	9a57fde83e0acc0cffd43b2e5fb7e6ca5716e0b1ad478df4429f54f107c8e436	directional_review	1:1	normalized_prefatory_basmala_surface_equivalence_v1	cross_surah	false
surface_alias_directional_evidence	8:0	43:20		weak	1:1	43:20	43:20	cross_surah	label_target_note	missing_ayah_suggestion	A contrary worship claim involving al-Rahman is boundary evidence only.	focus_1_1_cutoff_100.tsv	113	5edddf90c18199bfb365b0e7d85c9e33be38981c5db98253c01d27c7ba16e76d	directional_review	1:1	normalized_prefatory_basmala_surface_equivalence_v1	cross_surah	false
surface_alias_directional_evidence	8:0	43:36		medium	1:1	43:36	43:36	cross_surah	label_target_note	missing_ayah_suggestion	Turning from al-Rahman remembrance supplies a naming/remembrance boundary.	focus_1_1_cutoff_100.tsv	114	5d77308d74a6802b051f55c8bff10663ce3c7472c54f7501cc6d469902673c83	directional_review	1:1	normalized_prefatory_basmala_surface_equivalence_v1	cross_surah	false
surface_alias_directional_evidence	8:0	43:45		strong	1:1	43:45	43:45	cross_surah	label_target_note	missing_ayah_suggestion	Direct rival-worship boundary centered on al-Rahman.	focus_1_1_cutoff_100.tsv	115	5b504f8a6fccc6bc99f704579a59d84d22dc5e5aa7472da951f333b51fec2227	directional_review	1:1	normalized_prefatory_basmala_surface_equivalence_v1	cross_surah	false
surface_alias_directional_evidence	8:0	43:81		weak	1:1	43:81	43:81	cross_surah	label_target_note	missing_ayah_suggestion	Contrary child-claim conditional is boundary evidence, not support.	focus_1_1_cutoff_100.tsv	116	5adc055987bd45c32dab01e616dae4cd58398d3ea238e2b987ac7dd888627c47	directional_review	1:1	normalized_prefatory_basmala_surface_equivalence_v1	cross_surah	false
surface_alias_directional_evidence	8:0	67:20		weak	1:1	67:20	67:20	cross_surah	label_target_note	missing_ayah_suggestion	Al-Rahman occurs in a protection/power challenge.	focus_1_1_cutoff_100.tsv	117	3f72223cdb00df4a8938e79d0b79dd9facd38574ecf08072a3d6d3a12b7f3891	directional_review	1:1	normalized_prefatory_basmala_surface_equivalence_v1	cross_surah	false
surface_alias_directional_evidence	8:0	67:28		weak	1:1	67:28	67:28	cross_surah	label_target_note	missing_ayah_suggestion	Al-Rahman occurs in a punishment/protection boundary question.	focus_1_1_cutoff_100.tsv	118	a1b8740152d1804b11d0cd489c8ad79e0438ea2987a0396edc4d99cb9b2a7e05	directional_review	1:1	normalized_prefatory_basmala_surface_equivalence_v1	cross_surah	false
surface_alias_directional_evidence	8:0	67:29		medium	1:1	67:29	67:29	cross_surah	label_target_note	missing_ayah_suggestion	Al-Rahman is joined to belief and reliance.	focus_1_1_cutoff_100.tsv	119	590ef12b3b397d45bf18042943cdfef1bc81aaebcf1c1d4038b7ced4515c852c	directional_review	1:1	normalized_prefatory_basmala_surface_equivalence_v1	cross_surah	false
surface_alias_reciprocal_nomination	8:0	1:2		strong	1:2	1:1	1:1	cross_surah	label_target_note	ranked_review	Supplies the opening divine naming and mercy frame directly before 1:2.	focus_1_2_cutoff_100.tsv	8	2e9b5d40c8703b86140bbdacbaf13af1de78badb9f9d0a4ad36414b28d8640d8	reciprocal_nomination	1:1	normalized_prefatory_basmala_surface_equivalence_v1	same_surah	false
surface_alias_reciprocal_nomination	8:0	1:3		strong	1:3	1:1	1:1	cross_surah	label_target_note	ranked_review	Exact earlier repetition of both focus names.	focus_1_3_cutoff_100.tsv	1	651da3184e271ffdf5f0e77fd17223cd686be92ea0541d9eaf38ee54524cdb34	reciprocal_nomination	1:1	normalized_prefatory_basmala_surface_equivalence_v1	same_surah	false
surface_alias_reciprocal_nomination	8:0	1:4		weak	1:4	1:1	1:1	cross_surah	label_target_note	ranked_review	The opening mercy frame is nearby context but adds no day or ownership language.	focus_1_4_cutoff_100.tsv	5	0573849299db8e8851b64ded3e17153fa382d5a49b103751e8a5a02767348eab	reciprocal_nomination	1:1	normalized_prefatory_basmala_surface_equivalence_v1	same_surah	false
surface_alias_reciprocal_nomination	8:0	1:5		weak	1:5	1:1	1:1	cross_surah	label_target_note	ranked_review	Nearby naming and mercy are contextual but add little beyond 1:3.	focus_1_5_cutoff_100.tsv	26	264519af93a3da8e2f282a583c05c0a89248c00b1c881c0bfc0a317ab6d80fcb	reciprocal_nomination	1:1	normalized_prefatory_basmala_surface_equivalence_v1	same_surah	false
surface_alias_reciprocal_nomination	8:0	1:6		medium	1:6	1:1	1:1	cross_surah	label_target_note	ranked_review	Adds the merciful divine address that frames the request.	focus_1_6_cutoff_100.tsv	11	2f242ed75c58e055ee0e8fd8c115c9eb2b983c31f4728d5827411214e9efefd3	reciprocal_nomination	1:1	normalized_prefatory_basmala_surface_equivalence_v1	same_surah	false
surface_alias_reciprocal_nomination	8:0	1:7		weak	1:7	1:1	1:1	cross_surah	label_target_note	ranked_review	Contributes the opening mercy frame but little beyond nearby focus context.	focus_1_7_cutoff_100.tsv	23	da462a9d75b53f119f960fa0f59c864ce02208b7c75e1564733eead53ed37520	reciprocal_nomination	1:1	normalized_prefatory_basmala_surface_equivalence_v1	same_surah	false
surface_alias_reciprocal_nomination	8:0	2:163		medium	2:163	1:1	1:1	cross_surah	label_target_note	ranked_review	Repeats the divine name with both mercy names; largely redundant after 1:3.	focus_2_163_cutoff_100.tsv	16	cb1b04123e755ee92f756c492814d328e3db86fcc7690ceb628fd6d5c94d08bc	reciprocal_nomination	1:1	normalized_prefatory_basmala_surface_equivalence_v1	cross_surah	false
surface_alias_reciprocal_nomination	8:0	3:74		weak	3:74	1:1	1:1	cross_surah	label_target_note	ranked_review	Generic divine mercy opening; little incremental value.	focus_3_74_cutoff_100.tsv	62	6b1a32132bae9fe0131b1f781ce5a6bfa64788c6dbd03886a8771f615bc76645	reciprocal_nomination	1:1	normalized_prefatory_basmala_surface_equivalence_v1	cross_surah	false
surface_alias_reciprocal_counterevidence	8:0	4:132		no value	4:132	1:1	1:1	cross_surah	label_target_note	ranked_review	The invocation alone adds no specific ownership or wakil evidence.	focus_4_132_cutoff_100.tsv	83	73ef073637947b881607bab0f0cb6625e3e413d6e0c53b7ca15aca778cd1c948	reciprocal_counterevidence	1:1	normalized_prefatory_basmala_surface_equivalence_v1	cross_surah	false
surface_alias_reciprocal_counterevidence	8:0	5:88		no value	5:88	1:1	1:1	cross_surah	label_target_note	ranked_review	No specific provision or consumption contribution.	focus_5_88_cutoff_100.tsv	93	110956cefe0dd63265233c4717d9c53a0b4be00cafae30be085956fcea998ece	reciprocal_counterevidence	1:1	normalized_prefatory_basmala_surface_equivalence_v1	cross_surah	false
surface_alias_reciprocal_counterevidence	8:0	6:79		no value	6:79	1:1	1:1	cross_surah	label_target_note	ranked_review	The opening formula alone does not add interpretive specificity.	focus_6_79_cutoff_100.tsv	99	239036eddb70562109fb5ed04541fa031e0bb43cc6ca4bc0d039132562fdbf59	reciprocal_counterevidence	1:1	normalized_prefatory_basmala_surface_equivalence_v1	cross_surah	false
surface_alias_reciprocal_nomination	8:0	6:118		medium	6:118	1:1	1:1	cross_surah	label_target_note	ranked_review	Provides the foundational divine-name formula, without an intake setting.	focus_6_118_cutoff_100.tsv	56	5e71eaa1a20b204095abed4cacf8bce513cde962f981f95aec483377a85b1508	reciprocal_nomination	1:1	normalized_prefatory_basmala_surface_equivalence_v1	cross_surah	false
surface_alias_reciprocal_nomination	8:0	7:180		medium	7:180	1:1	1:1	cross_surah	label_target_note	missing_ayah_suggestion	Names God with the Merciful and Compassionate at the Qur'an's opening.	focus_7_180_cutoff_100.tsv	101	69dcb1bb801bd8256ee0a99b503c61c44ecdb939e86b83271c9887d31cce601e	reciprocal_nomination	1:1	normalized_prefatory_basmala_surface_equivalence_v1	cross_surah	false
surface_alias_reciprocal_nomination	8:0	11:41		weak	11:41	1:1	1:1	cross_surah	label_target_note	ranked_review	Shares the formula's opening, but adds no new contextual element beyond 27:30.	focus_11_41_cutoff_100.tsv	25	c2b59ce1c90e820cc95d69f66e1f1d3c16a5a961260b23e551a6ce1bdf2d0c1e	reciprocal_nomination	1:1	normalized_prefatory_basmala_surface_equivalence_v1	cross_surah	false
surface_alias_reciprocal_counterevidence	8:0	12:40		no value	12:40	1:1	1:1	cross_surah	label_target_note	ranked_review	The divine name alone does not clarify invented names, worship, or judgment.	focus_12_40_cutoff_100.tsv	77	2d4e3c9cf509941af67f45bc9a1338bfd3b28d693f470d8e4d2ecad752375688	reciprocal_counterevidence	1:1	normalized_prefatory_basmala_surface_equivalence_v1	cross_surah	false
surface_alias_reciprocal_nomination	8:0	15:87		strong	15:87	1:1	1:1	cross_surah	label_target_note	missing_ayah_suggestion	"Fatiha'nın açılışı, yedi ayetlik sure bütününü ""seb'an min al-mathani"" için korunması gereken başlıca paralel rota olarak başlatır."	focus_15_87_cutoff_100.tsv	101	06e01d8ca6185586cee337303042be78bbbe7f6fa41c210b859ddbd081e38813	reciprocal_nomination	1:1	normalized_prefatory_basmala_surface_equivalence_v1	cross_surah	false
surface_alias_reciprocal_counterevidence	8:0	16:33		no value	16:33	1:1	1:1	cross_surah	label_target_note	ranked_review	No material link beyond general divine naming.	focus_16_33_cutoff_100.tsv	98	6db0b4dbe2f1383c37da6606e99062548d3a6b3c3e28409c72a39dea1ac576f2	reciprocal_counterevidence	1:1	normalized_prefatory_basmala_surface_equivalence_v1	cross_surah	false
surface_alias_reciprocal_counterevidence	8:0	16:52		no value	16:52	1:1	1:1	cross_surah	label_target_note	ranked_review	Tek başına besmele, önceki kartların ötesinde belirli bir bağ vermez.	focus_16_52_cutoff_100.tsv	81	3a25d919ef5cb2e7e4cfd3baf0a169703af645bf115cf308c8307aebacf8a9cd	reciprocal_counterevidence	1:1	normalized_prefatory_basmala_surface_equivalence_v1	cross_surah	false
surface_alias_reciprocal_nomination	8:0	17:110		strong	17:110	1:1	1:1	cross_surah	label_target_note	ranked_review	Direct f01 parallel: divine naming joins ٱللَّهِ with ٱلرَّحْمَٰنِ and ٱلرَّحِيمِ.	focus_17_110_cutoff_100.tsv	34	cf149ad1e0ef19504c8573c660405f8492df88b52180d2b1a8eac1f5f63ce6bb	reciprocal_nomination	1:1	normalized_prefatory_basmala_surface_equivalence_v1	cross_surah	false
surface_alias_reciprocal_nomination	8:0	19:88		weak	19:88	1:1	1:1	cross_surah	label_target_note	ranked_review	Uses the name al-Rahman without addressing the attribution of a son.	focus_19_88_cutoff_100.tsv	46	3f33cd603b6fa0294ce41d843234434d10a5ff3da8df59c312e4227d6a683d92	reciprocal_nomination	1:1	normalized_prefatory_basmala_surface_equivalence_v1	cross_surah	false
surface_alias_reciprocal_nomination	8:0	20:5		medium	20:5	1:1	1:1	cross_surah	label_target_note	ranked_review	يجمع الرحمن والرحيم في افتتاح القرآن، فيعضد الاسم الإلهي دون بنية الحكم.	focus_20_5_cutoff_100.tsv	22	2047e5f9634b10606aac510179a2539db2b8fc592246b4b07636216c9deb74ce	reciprocal_nomination	1:1	normalized_prefatory_basmala_surface_equivalence_v1	cross_surah	false
surface_alias_reciprocal_nomination	8:0	21:112		medium	21:112	1:1	1:1	cross_surah	label_target_note	ranked_review	The naming of God as the Merciful and Compassionate supplies the merciful source of the focus's aid.	focus_21_112_cutoff_100.tsv	71	b96aa83b09c3e35a33bf6473485e89f7eb94051047b2a7ec742b802067857646	reciprocal_nomination	1:1	normalized_prefatory_basmala_surface_equivalence_v1	cross_surah	false
surface_alias_reciprocal_counterevidence	8:0	22:60		no value	22:60	1:1	1:1	cross_surah	label_target_note	ranked_review	The basmala's mercy names are too general to clarify the focus's specific sequence.	focus_22_60_cutoff_100.tsv	97	b9eb5f8fa0ab66f40dc32a6b5fb9edf4a6bb816b6bc67d699a9c283de2552971	reciprocal_counterevidence	1:1	normalized_prefatory_basmala_surface_equivalence_v1	cross_surah	false
surface_alias_reciprocal_counterevidence	8:0	23:75		no value	23:75	1:1	1:1	cross_surah	label_target_note	ranked_review	The opening invocation of mercy alone does not clarify the focus's conditional relief.	focus_23_75_cutoff_100.tsv	71	a8f127eecfc9c8dc62c89f5f320b1e756a7181a4878e142adf22cb9a9a3db796	reciprocal_counterevidence	1:1	normalized_prefatory_basmala_surface_equivalence_v1	cross_surah	false
surface_alias_reciprocal_counterevidence	8:0	24:7		no value	24:7	1:1	1:1	cross_surah	label_target_note	ranked_review	The invocation supplies no specific contribution to the oath or curse.	focus_24_7_cutoff_100.tsv	56	500d71bb96f05383abb9fe0ccca404c6cbd59f133a47468addd5982f35d1683c	reciprocal_counterevidence	1:1	normalized_prefatory_basmala_surface_equivalence_v1	cross_surah	false
surface_alias_reciprocal_counterevidence	8:0	24:9		no value	24:9	1:1	1:1	cross_surah	label_target_note	ranked_review	The opening invocation does not illuminate the oath, accusation, or divine anger in 24:9.	focus_24_9_cutoff_100.tsv	59	ecef1415bffd345dda7feac02bc650d7ee6f9a1bd9eed0082159bba0edbd23f9	reciprocal_counterevidence	1:1	normalized_prefatory_basmala_surface_equivalence_v1	cross_surah	false
surface_alias_reciprocal_counterevidence	8:0	24:20		no value	24:20	1:1	1:1	cross_surah	label_target_note	ranked_review	The formula names mercy without adding a contextual relation to the focus.	focus_24_20_cutoff_100.tsv	82	9b32834033850f7027d17d435f06c48837aa097f660a62b056569c5dc4bb331d	reciprocal_counterevidence	1:1	normalized_prefatory_basmala_surface_equivalence_v1	cross_surah	false
surface_alias_reciprocal_nomination	8:0	26:9		medium	26:9	1:1	1:1	cross_surah	label_target_note	ranked_review	The opening mercy names provide a broad mercy frame, without independently resolving the might side.	focus_26_9_cutoff_100.tsv	40	a51c7cd8f0ea752f4a422ea79279a1abf8acb3760bcc9673766e851d3397292b	reciprocal_nomination	1:1	normalized_prefatory_basmala_surface_equivalence_v1	cross_surah	false
surface_alias_reciprocal_counterevidence	8:0	26:108		no value	26:108	1:1	1:1	cross_surah	label_target_note	ranked_review	The opening invocation alone does not develop the focus's fear-and-obedience command.	focus_26_108_cutoff_100.tsv	67	852672ae3897e75951997ffd1c2f0a2fdddad89908ab815df001d643e99f70ed	reciprocal_counterevidence	1:1	normalized_prefatory_basmala_surface_equivalence_v1	cross_surah	false
surface_alias_reciprocal_counterevidence	8:0	26:110		no value	26:110	1:1	1:1	cross_surah	label_target_note	ranked_review	The basmala names God but does not materially develop the focus command.	focus_26_110_cutoff_100.tsv	51	1c0853b43a4edcd1fb4b1e257db7b9466aa4917279b41934dea621d1589cf8f6	reciprocal_counterevidence	1:1	normalized_prefatory_basmala_surface_equivalence_v1	cross_surah	false
surface_alias_reciprocal_counterevidence	8:0	26:126		no value	26:126	1:1	1:1	cross_surah	label_target_note	ranked_review	The opening invocation does not materially clarify taqwa or obedience to the messenger.	focus_26_126_cutoff_100.tsv	70	3e83b43f629a9468c8ef809d72c6c815493818fd3c7b1c4892c95397a78658c2	reciprocal_counterevidence	1:1	normalized_prefatory_basmala_surface_equivalence_v1	cross_surah	false
surface_alias_reciprocal_counterevidence	8:0	26:131		no value	26:131	1:1	1:1	cross_surah	label_target_note	ranked_review	Besmele, 26:131'in sakınma ve itaat çağrısına belirli bir açıklama eklemez.	focus_26_131_cutoff_100.tsv	49	6acc2218bdc87fe0f0c83eba0bfe77aa950fae656aa30c15f5b02c9a49604ac2	reciprocal_counterevidence	1:1	normalized_prefatory_basmala_surface_equivalence_v1	cross_surah	false
surface_alias_reciprocal_counterevidence	8:0	26:144		no value	26:144	1:1	1:1	cross_surah	label_target_note	ranked_review	Besmele, buyruktaki seçici itaat ya da ücret karşıtlığına özgül katkı sağlamaz.	focus_26_144_cutoff_100.tsv	73	8b3121e1d9c072168a2f0fb27eaa597e4d7056fb936027794ee7cdd4857c52d9	reciprocal_counterevidence	1:1	normalized_prefatory_basmala_surface_equivalence_v1	cross_surah	false
surface_alias_reciprocal_counterevidence	8:0	26:150		no value	26:150	1:1	1:1	cross_surah	label_target_note	ranked_review	It does not establish a meaningful relation to fearing God or obedience.	focus_26_150_cutoff_100.tsv	71	dadf6239a62d8535f65fbc4a1c2171f3e5af5a2b076c02815adfcb5acfce3af6	reciprocal_counterevidence	1:1	normalized_prefatory_basmala_surface_equivalence_v1	cross_surah	false
surface_alias_reciprocal_counterevidence	8:0	26:163		no value	26:163	1:1	1:1	cross_surah	label_target_note	ranked_review	Rahman ve Rahim adı, bu çağrının elçi ve itaat yapısını açıklamaz.	focus_26_163_cutoff_100.tsv	72	9f90c9d4e9a77bc1f581d9aee037df6902c25d26bec0af62065647e969dd0b4b	reciprocal_counterevidence	1:1	normalized_prefatory_basmala_surface_equivalence_v1	cross_surah	false
surface_alias_reciprocal_counterevidence	8:0	26:179		no value	26:179	1:1	1:1	cross_surah	label_target_note	ranked_review	The basmala names God but adds no connection to the command to obey a messenger.	focus_26_179_cutoff_100.tsv	68	ee9003c0c42daa50a5b50f860b90a793f0cd27acbf0a8ae19cafe6c01ba80bc6	reciprocal_counterevidence	1:1	normalized_prefatory_basmala_surface_equivalence_v1	cross_surah	false
surface_alias_reciprocal_nomination	8:0	26:217		weak	26:217	1:1	1:1	cross_surah	label_target_note	ranked_review	The Merciful names provide only a broad opening frame already covered more directly.	focus_26_217_cutoff_100.tsv	37	f2c59ffc2c9778fa2c91eda8fb421218b1749e7fb566a680afa60541f6403942	reciprocal_nomination	1:1	normalized_prefatory_basmala_surface_equivalence_v1	cross_surah	false
surface_alias_reciprocal_nomination	8:0	27:30		strong	27:30	1:1	1:1	cross_surah	label_target_note	ranked_review	Mektuptaki basmalanın aynısıdır; Süleyman'ın sözünü Allah, Rahman ve Rahim adları altında çerçeveler.	focus_27_30_cutoff_100.tsv	1	ae44678e3ec318b8422d0b8a84ca65ff1485744de80fe3c8c4089705aee4a30c	reciprocal_nomination	1:1	normalized_prefatory_basmala_surface_equivalence_v1	cross_surah	false
surface_alias_reciprocal_counterevidence	8:0	30:6		no value	30:6	1:1	1:1	cross_surah	label_target_note	ranked_review	The opening formula does not clarify the focus.	focus_30_6_cutoff_100.tsv	95	4f7f08c4c115fef05afa768432aa5bbf9aa87ab428af08497b9a8019c58ac680	reciprocal_counterevidence	1:1	normalized_prefatory_basmala_surface_equivalence_v1	cross_surah	false
surface_alias_reciprocal_nomination	8:0	36:5		weak	36:5	1:1	1:1	cross_surah	label_target_note	ranked_review	The Merciful names repeat an aspect already supplied more directly by 41:2 and 1:3.	focus_36_5_cutoff_100.tsv	31	0272c8f56ca3e1bb4e554ab39447e9e1bfee9e004e3ee09eea53f584d27d5d7a	reciprocal_nomination	1:1	normalized_prefatory_basmala_surface_equivalence_v1	cross_surah	false
surface_alias_reciprocal_counterevidence	8:0	37:38		no value	37:38	1:1	1:1	cross_surah	label_target_note	ranked_review	The opening invocation has no material connection to the focus's punishment statement.	focus_37_38_cutoff_100.tsv	97	ab1bf00f27ccf00368132513ea546a712f0607db7c9c708ac596456e2b4b5fa1	reciprocal_counterevidence	1:1	normalized_prefatory_basmala_surface_equivalence_v1	cross_surah	false
surface_alias_reciprocal_counterevidence	8:0	37:169		no value	37:169	1:1	1:1	cross_surah	label_target_note	ranked_review	The divine name alone does not clarify the focus's conditional pledge.	focus_37_169_cutoff_100.tsv	33	b59723812d60885ad28f1d8d37106072caa1f8bd4e9e193aa79bb28fe1a0aca0	reciprocal_counterevidence	1:1	normalized_prefatory_basmala_surface_equivalence_v1	cross_surah	false
surface_alias_reciprocal_nomination	8:0	37:182		medium	37:182	1:1	1:1	cross_surah	label_target_note	ranked_review	The opening divine name supplies the God later praised as Lord of all worlds, without the full formula.	focus_37_182_cutoff_100.tsv	37	49031db7d72c8516d5498c80ce9464c0e81eed69a610324d1c86adbf0866d63e	reciprocal_nomination	1:1	normalized_prefatory_basmala_surface_equivalence_v1	cross_surah	false
surface_alias_reciprocal_nomination	8:0	39:11		weak	39:11	1:1	1:1	cross_surah	label_target_note	ranked_review	The opening invocation names Allah but does not itself state exclusive worship or commanded devotion.	focus_39_11_cutoff_100.tsv	38	8777f01c73b0594ddd3b50fef8694cb0832edb6d3a79ee6a2c15c6bb994560f1	reciprocal_nomination	1:1	normalized_prefatory_basmala_surface_equivalence_v1	cross_surah	false
surface_alias_reciprocal_counterevidence	8:0	39:64		no value	39:64	1:1	1:1	cross_surah	label_target_note	ranked_review	The opening divine names alone add no specific relation to the rejection of rival worship.	focus_39_64_cutoff_100.tsv	47	05db3a5de8cbee1ec41502948ea7e227c6a840c2a353cd8fdb1d0dd074bd42cd	reciprocal_counterevidence	1:1	normalized_prefatory_basmala_surface_equivalence_v1	cross_surah	false
surface_alias_reciprocal_nomination	8:0	41:2		strong	41:2	1:1	1:1	cross_surah	label_target_note	ranked_review	It repeats both merciful divine names in the opening invocation, closely reinforcing the source named in the focus.	focus_41_2_cutoff_100.tsv	13	b24e999042e8e89cfe1e323bf7cc925c3285a8d6717f243622b6656ed1916a2d	reciprocal_nomination	1:1	normalized_prefatory_basmala_surface_equivalence_v1	cross_surah	false
surface_alias_reciprocal_counterevidence	8:0	48:3		no value	48:3	1:1	1:1	cross_surah	label_target_note	ranked_review	No candidate-specific aid or might route beyond the divine name.	focus_48_3_cutoff_100.tsv	58	150d4075c997b8dc6e0010afdc14bc24b16dc307a6507bf607fae4ce4762a0e0	reciprocal_counterevidence	1:1	normalized_prefatory_basmala_surface_equivalence_v1	cross_surah	false
surface_alias_reciprocal_counterevidence	8:0	51:7		no value	51:7	1:1	1:1	cross_surah	label_target_note	ranked_review	No focused structural, contextual, or lexical contribution.	focus_51_7_cutoff_100.tsv	58	50884bdba42c70b0f3a7d90fc08707d89099b443b998366babb27458433b9c50	reciprocal_counterevidence	1:1	normalized_prefatory_basmala_surface_equivalence_v1	cross_surah	false
surface_alias_reciprocal_nomination	8:0	55:1		medium	55:1	1:1	1:1	cross_surah	label_target_note	ranked_review	The opening invocation repeats the title pair, though it largely overlaps with 1:3.	focus_55_1_cutoff_100.tsv	4	309cee18f1d8b74bd4e1ddfd77566fcd6cffd293d8844ce0e29144b97d61031c	reciprocal_nomination	1:1	normalized_prefatory_basmala_surface_equivalence_v1	cross_surah	false
surface_alias_reciprocal_nomination	8:0	59:22		weak	59:22	1:1	1:1	cross_surah	label_target_note	ranked_review	Supplies the mercy names in an opening formula already represented above.	focus_59_22_cutoff_100.tsv	19	7e007c78260da456cf0cb916ac3fe62b66f7c540bc8249ecde62c30b5d1827f9	reciprocal_nomination	1:1	normalized_prefatory_basmala_surface_equivalence_v1	cross_surah	false
surface_alias_reciprocal_counterevidence	8:0	70:3		no value	70:3	1:1	1:1	cross_surah	label_target_note	ranked_review	Formulaic source naming adds no specific interpretive evidence.	focus_70_3_cutoff_100.tsv	37	cc4098dfa9bcd5af61face8117be6599b535feee0e42d285a8d85df54b345b4f	reciprocal_counterevidence	1:1	normalized_prefatory_basmala_surface_equivalence_v1	cross_surah	false
surface_alias_reciprocal_nomination	8:0	73:8		medium	73:8	1:1	1:1	cross_surah	label_target_note	ranked_review	The name formula supports invoking through the divine name, indirectly.	focus_73_8_cutoff_100.tsv	89	5ade6be462982f1fb09d3da1eebe5699f9920626050551fac11633fdb5052f27	reciprocal_nomination	1:1	normalized_prefatory_basmala_surface_equivalence_v1	cross_surah	false
surface_alias_reciprocal_counterevidence	8:0	82:1		no value	82:1	1:1	1:1	cross_surah	label_target_note	ranked_review	No lexical, structural, or curated route to 82:1.	focus_82_1_cutoff_100.tsv	88	b0d208dbada9f2bddbbc11952d3423c947899dc2dd26e3dbae3a719e89ac8fde	reciprocal_counterevidence	1:1	normalized_prefatory_basmala_surface_equivalence_v1	cross_surah	false
surface_alias_reciprocal_counterevidence	8:0	84:1		no value	84:1	1:1	1:1	cross_surah	label_target_note	ranked_review	No specific connection to the focus is established.	focus_84_1_cutoff_100.tsv	88	2241a1304a913ace3a9efcc8754fc04cdae3eb1f78e393b9b9fb3ec1d40113f7	reciprocal_counterevidence	1:1	normalized_prefatory_basmala_surface_equivalence_v1	cross_surah	false
surface_alias_reciprocal_counterevidence	8:0	85:1		no value	85:1	1:1	1:1	cross_surah	label_target_note	ranked_review	The lexical match is non-semantic for this focus.	focus_85_1_cutoff_100.tsv	49	bd9f82a419943fd4bd9128005c080f60cdecaa8958a9b531beba17e79ef0ef82	reciprocal_counterevidence	1:1	normalized_prefatory_basmala_surface_equivalence_v1	cross_surah	false
surface_alias_reciprocal_counterevidence	8:0	86:1		no value	86:1	1:1	1:1	cross_surah	label_target_note	ranked_review	Name-root retrieval does not add a reading of 86:1.	focus_86_1_cutoff_100.tsv	49	885192745d5b46f1071bdab86516338dc59aaf31dccc673638bf788c43cf2d31	reciprocal_counterevidence	1:1	normalized_prefatory_basmala_surface_equivalence_v1	cross_surah	false
surface_alias_reciprocal_counterevidence	8:0	93:11		no value	93:11	1:1	1:1	cross_surah	label_target_note	ranked_review	The formula alone adds no distinct route to the command.	focus_93_11_cutoff_100.tsv	56	8a4e4162d338f6c9a5b9f6a2e62e1319a9e3f8fb18c5bc3c036306e53051f1a8	reciprocal_counterevidence	1:1	normalized_prefatory_basmala_surface_equivalence_v1	cross_surah	false
surface_alias_reciprocal_nomination	8:0	95:8		medium	95:8	1:1	1:1	cross_surah	label_target_note	ranked_review	The opening divine name and mercy form a secondary frame for the closing name.	focus_95_8_cutoff_100.tsv	68	7bff949184bc3e30199593d9e1c0e816461e06b570db037ab20db41d8d55bc7e	reciprocal_nomination	1:1	normalized_prefatory_basmala_surface_equivalence_v1	cross_surah	false
surface_alias_reciprocal_counterevidence	8:0	104:6		no value	104:6	1:1	1:1	cross_surah	label_target_note	ranked_review	No usable connection to the focus reading.	focus_104_6_cutoff_100.tsv	49	5869621b5c02007e6da0168294743fbc89dcc8864bc1868f53106be4b80f1c84	reciprocal_counterevidence	1:1	normalized_prefatory_basmala_surface_equivalence_v1	cross_surah	false
surface_alias_reciprocal_nomination	8:0	112:2		weak	112:2	1:1	1:1	cross_surah	label_target_note	ranked_review	Opening invocation is contextually adjacent but adds no distinct clarification.	focus_112_2_cutoff_100.tsv	31	e48a1e4e9ab1bc4b9a945695a98c923401c1de48e881df58744f41ffb0707147	reciprocal_nomination	1:1	normalized_prefatory_basmala_surface_equivalence_v1	cross_surah	false
