record_type	focus_ref	target_ref	focus_direction_label	source_direction_label	source_focus_ref	source_target_ref	source_target_component_ref	relation_scope	source_column_order	source_row_role	source_note	source_file	source_line	source_row_sha256
directional_review	42:36	28:60	strong	strong	42:36	28:60	28:60	cross_surah	label_target_note	ranked_review	It nearly repeats the focus's contrast: worldly gifts are temporary enjoyment, while what is with God is better and more lasting.	focus_42_36_cutoff_100.tsv	1	98a91645492916261be0c1341f80f2c5ec16b62d8f07791924cd2cc0e1d41df2
directional_review	42:36	33:1	no value	no value	42:36	33:1	33:1	cross_surah	label_target_note	ranked_review	Its command to fear God and resist unbelievers does not clarify worldly enjoyment or reliance on the Lord.	focus_42_36_cutoff_100.tsv	2	d378bdd900d05bfbd82f682884ab6db0706923ccf646eafb55b38dd2d532b20c
directional_review	42:36	13:30	strong	strong	42:36	13:30	13:30	cross_surah	label_target_note	ranked_review	It joins proclaiming revelation with reliance on God, showing trust as the boundary after the messenger has performed the task.	focus_42_36_cutoff_100.tsv	3	49cce072d179c8b53a670299c788a5ecaa54cc38f7ee0b413f5c023872158376
directional_review	42:36	18:46	strong	strong	42:36	18:46	18:46	cross_surah	label_target_note	ranked_review	It contrasts the adornment of wealth and children with enduring righteous deeds that are better with the Lord.	focus_42_36_cutoff_100.tsv	4	9fadcc3cc0b75a2be556b63ed9004d6a75cdaa4570f4ed613a4e28317ee69f08
directional_review	42:36	42:31	medium	medium	42:36	42:31	42:31	same_surah	label_target_note	ranked_review	Its denial of any protector or helper apart from God supplies a nearby ground for the focus's reliance on the Lord.	focus_42_36_cutoff_100.tsv	5	f64f008011b5848b0429eed41fa45ef656b466b101a3cfa1cd86df6b5cb2c429
directional_review	42:36	35:5	medium	medium	42:36	35:5	35:5	cross_surah	label_target_note	ranked_review	It warns that worldly life can deceive, reinforcing the focus's refusal to treat its passing goods as final value.	focus_42_36_cutoff_100.tsv	6	75edaf678e5e6f273c4c951f8fef8d4abb06080a99e055e35139caace9100e81
directional_review	42:36	43:35	strong	strong	42:36	43:35	43:35	cross_surah	label_target_note	ranked_review	It identifies worldly luxury as temporary enjoyment and reserves the Hereafter with the Lord for the mindful.	focus_42_36_cutoff_100.tsv	7	5c06d60f28d57c13100bf56f263be00838858163d69eb4b8a8010f32b5d34649
directional_review	42:36	42:30	medium	medium	42:36	42:30	42:30	same_surah	label_target_note	ranked_review	The preceding account of affliction, earned consequence, and extensive pardon begins the local ethical setting of the focus.	focus_42_36_cutoff_100.tsv	8	11f1275fecfa1bd1b10039da3c015b8f3d5bbffb2dfaa710d6e149598a2449c5
directional_review	42:36	5:23	strong	strong	42:36	5:23	5:23	cross_surah	label_target_note	ranked_review	Trust in God accompanies the concrete act of entering the gate; it does not excuse inaction.	focus_42_36_cutoff_100.tsv	9	e459288593272dbdae9929390b72ed3f594a9aa61e53e3a38f65410817a3739d
directional_review	42:36	20:131	strong	strong	42:36	20:131	20:131	cross_surah	label_target_note	ranked_review	It rejects fixation on others' worldly display because the Lord's provision is better and more lasting.	focus_42_36_cutoff_100.tsv	10	bbed9c1b1960e59ed60cc2da2c061febfa8866bd20ab732a1dbe49cd7cc5bad1
directional_review	42:36	24:22	weak	weak	42:36	24:22	24:22	cross_surah	label_target_note	ranked_review	Its call to give, pardon, and forbear gives a limited social-action parallel to the spending that follows the focus.	focus_42_36_cutoff_100.tsv	11	7f89091d9fa79211022a9a9aa6e842a2b5fdaa600c99460f64fecb3cf1a2bb2c
directional_review	42:36	9:51	strong	strong	42:36	9:51	9:51	cross_surah	label_target_note	ranked_review	It explicitly directs believers to rely on God while accepting that events remain under His determination.	focus_42_36_cutoff_100.tsv	12	88eb4c79362265628b168b3169a2a4d8df46b88fa340917fb76d869c2121b620
directional_review	42:36	6:32	strong	strong	42:36	6:32	6:32	cross_surah	label_target_note	ranked_review	It contrasts worldly life as play and diversion with the better final abode for the mindful.	focus_42_36_cutoff_100.tsv	13	2d827703f11f02a277634aa14a1c5ed4f1a6c6a1b81016e5b1290b8bd5692648
directional_review	42:36	42:35	weak	weak	42:36	42:35	42:35	same_surah	label_target_note	ranked_review	Its nearby warning that disputants have no escape supports divine ultimacy but not the focus's value contrast directly.	focus_42_36_cutoff_100.tsv	14	fcaac6120446a00e2b3f3b171125507114ab28abda9d1eeee3109af1cd990338
directional_review	42:36	9:38	strong	strong	42:36	9:38	9:38	cross_surah	label_target_note	ranked_review	It calls preferring worldly life over the Hereafter a grave misjudgment because its enjoyment is little.	focus_42_36_cutoff_100.tsv	15	115707ea4d3405c52cead4c08a9f634d7b9ccd1578f94da10e949c841deb34ec
directional_review	42:36	12:57	strong	strong	42:36	12:57	12:57	cross_surah	label_target_note	ranked_review	It identifies the Hereafter's reward as better for believers who remain mindful.	focus_42_36_cutoff_100.tsv	16	11b43d8bf51ae08611a84272b7018bfef6a2dae2a90e8bf27831282abde2e8e7
directional_review	42:36	42:43	strong	strong	42:36	42:43	42:43	same_surah	label_target_note	ranked_review	The immediate following verse portrays patient forgiveness as resolute conduct among the community described by the focus.	focus_42_36_cutoff_100.tsv	17	20e02ee79d1aad9685a768fdfcbb750c4d04113fb51d1673586d247507fc2269
directional_review	42:36	4:77	strong	strong	42:36	4:77	4:77	cross_surah	label_target_note	ranked_review	It explicitly calls worldly enjoyment little and the Hereafter better, correcting fear-driven preference for the near term.	focus_42_36_cutoff_100.tsv	18	b36b83cfc21cd5536b902b5ff721404d6cf38336b5da57c748bd00a11dc09bbb
directional_review	42:36	13:26	strong	strong	42:36	13:26	13:26	cross_surah	label_target_note	ranked_review	It treats worldly life as temporary enjoyment despite expansion of provision, directly matching the focus's scale of value.	focus_42_36_cutoff_100.tsv	19	ec2e45b8a18d7ee0c063782ec3049dd250176fde03a1d0c88f60a48e0f985b40
directional_review	42:36	26:82	weak	weak	42:36	26:82	26:82	cross_surah	label_target_note	ranked_review	Hope for forgiveness at judgment relates only indirectly to the focus's local mercy-and-repair context.	focus_42_36_cutoff_100.tsv	20	e25855f7624cf4415351182dc7f95df2b21d6e6b125a802218e1b48cde42a51e
directional_review	42:36	20:73	strong	strong	42:36	20:73	20:73	cross_surah	label_target_note	ranked_review	It declares God better and more lasting than Pharaoh's threatened punishment, using the focus's exact evaluative terms.	focus_42_36_cutoff_100.tsv	21	fd802c7a54fa8bcb413544393bd570239c876ea7c2f880d4f244be4b521a7ded
directional_review	42:36	16:42	strong	strong	42:36	16:42	16:42	cross_surah	label_target_note	ranked_review	It pairs patient action with reliance on the Lord, presenting trust as part of a sustained practical response.	focus_42_36_cutoff_100.tsv	22	65327d506c5176ee7ca24b4f3e4e52316ed45314826a1763783367cdb92cd425
directional_review	42:36	42:37	strong	strong	42:36	42:37	42:37	same_surah	label_target_note	ranked_review	The immediate next description of believers adds restraint and forgiveness to the trusting identity named in the focus.	focus_42_36_cutoff_100.tsv	23	f336015b79315c0e961f0ed096da43c87500faebc70f571be5a60a34bf426bcf
directional_review	42:36	27:79	strong	strong	42:36	27:79	27:79	cross_surah	label_target_note	ranked_review	It commands reliance on God while the messenger remains committed to manifest truth.	focus_42_36_cutoff_100.tsv	24	7a9f01aba3937d6d78db36dc26808559c2aed93eabfea5499ff2a4514347b23f
directional_review	42:36	87:17	strong	strong	42:36	87:17	87:17	cross_surah	label_target_note	ranked_review	It states the core comparison in its most compressed form: the Hereafter is better and more lasting.	focus_42_36_cutoff_100.tsv	25	5d3670fe24e36e2a958d4cfddb277c6e4a205e441ce23743cd6e728669b5d26f
directional_review	42:36	42:47	weak	weak	42:36	42:47	42:47	same_surah	label_target_note	ranked_review	Its nearby call to answer the Lord before an irreversible day gives an eschatological frame but not the focus's two themes directly.	focus_42_36_cutoff_100.tsv	26	91744b92433c3b327a129a56c1d4c0d0731bb97f81858605d5e11d101b047f6c
directional_review	42:36	26:217	strong	strong	42:36	26:217	26:217	cross_surah	label_target_note	ranked_review	It commands trust in the Mighty, Merciful One after the work of warning has been carried out.	focus_42_36_cutoff_100.tsv	27	414b14bd0dced7d0e64f5f9fb472ef8f59c5fa262e040fdb9e253dddf35a3196
directional_review	42:36	29:59	strong	strong	42:36	29:59	29:59	cross_surah	label_target_note	ranked_review	It repeats the pairing of patience and reliance on the Lord, framing trust as enduring conduct under pressure.	focus_42_36_cutoff_100.tsv	28	23a7c844d4d6f56afa68499350e825f333ab0a2892c1aefa73d449cc32faae4f
directional_review	42:36	3:89	weak	weak	42:36	3:89	3:89	cross_surah	label_target_note	ranked_review	Repentance and repair offer a limited resonance with the surrounding forgiveness material, not with the focus's main contrast.	focus_42_36_cutoff_100.tsv	29	013f45c495a514c3b13da44f4a9ec717d428b02dd8a2b4af9d8d9df49fc922c3
directional_review	42:36	30:3	weak	weak	42:36	30:3	30:3	cross_surah	label_target_note	ranked_review	Its reversal from defeat to victory only broadly cautions against treating a present condition as final.	focus_42_36_cutoff_100.tsv	30	1bbee2b6353ebe982f71d21d5584b5029b5c390b44608ddf69946e4aba9bf0f2
directional_review	42:36	16:99	strong	strong	42:36	16:99	16:99	cross_surah	label_target_note	ranked_review	It explicitly identifies believers who rely on their Lord and explains the protective significance of that orientation.	focus_42_36_cutoff_100.tsv	31	d78e3a0902bdf07ec5c8e7b90c74ee7e5623f619d43be36069434db322aa5803
directional_review	42:36	42:39	medium	medium	42:36	42:39	42:39	same_surah	label_target_note	ranked_review	Its nearby permission to seek redress after oppression develops the active communal conduct that follows trusting reliance.	focus_42_36_cutoff_100.tsv	32	46257a582cb3a9f1698d39477bbfe7d54dba2d7f8ebaa3754d6c8ad96a25726c
directional_review	42:36	39:62	weak	weak	42:36	39:62	39:62	cross_surah	label_target_note	ranked_review	God's universal guardianship broadly supports reliance, but it does not address the focus's worldly-value comparison.	focus_42_36_cutoff_100.tsv	33	a303557535ea49097ff68579e03c8aef753b8520002dc7fb932672ad35c39b08
directional_review	42:36	3:198	strong	strong	42:36	3:198	3:198	cross_surah	label_target_note	ranked_review	It directly says that what is with God is better for the righteous.	focus_42_36_cutoff_100.tsv	34	3e940b6e4fa2bba8aeba7b1a7e1163c6104180a85a7392b86f53b33138865e59
directional_review	42:36	42:16	no value	no value	42:36	42:16	42:16	same_surah	label_target_note	ranked_review	Its dispute over God and severe punishment do not clarify either focal reading.	focus_42_36_cutoff_100.tsv	35	35be78b8987a2ffdc83a4e805b9de835e6864a486ddff3c56dbd52663ee6d542
directional_review	42:36	10:84	strong	strong	42:36	10:84	10:84	cross_surah	label_target_note	ranked_review	Moses makes reliance on God the practical expression of faith and submission under threat.	focus_42_36_cutoff_100.tsv	36	5849ec3d92e8ff99ebe4601d9f3add5f4ef7c22590a20f7aafc7bd88e3da4f50
directional_review	42:36	8:2	strong	strong	42:36	8:2	8:2	cross_surah	label_target_note	ranked_review	It includes reliance on the Lord among the defining practices of believers whose faith grows through revelation.	focus_42_36_cutoff_100.tsv	37	798ee0af2d9f4354972fa1d1cfd56c4afd2aeaa1a6e0f5627a2212659632f33f
directional_review	42:36	36:27	weak	weak	42:36	36:27	36:27	cross_surah	label_target_note	ranked_review	Forgiveness and honor provide only a remote resonance with the nearby pardon channel.	focus_42_36_cutoff_100.tsv	38	5adc71c46777f21f1a501d02b1dc0bac873742d6f9ab4bdaa70c2d6b67aecc2d
directional_review	42:36	32:21	weak	weak	42:36	32:21	32:21	cross_surah	label_target_note	ranked_review	Its distinction between nearer and greater punishment gives a limited temporal scale, but not the focus's account of worldly goods.	focus_42_36_cutoff_100.tsv	39	76ef3ccf3bacdd1c4e67844ebec4d512f881ab38b729c9fe2c5495b304a1f5aa
directional_review	42:36	7:32	strong	strong	42:36	7:32	7:32	cross_surah	label_target_note	ranked_review	It prevents a blanket rejection of worldly adornment by locating its full purity at resurrection, sharpening the focus's measured valuation.	focus_42_36_cutoff_100.tsv	40	872b97e23e7cf9702756e0390e159f99a7bc7c1591bb42bd61370664e422d5ba
directional_review	42:36	42:40	strong	strong	42:36	42:40	42:40	same_surah	label_target_note	ranked_review	The immediate continuation joins pardoning and repair with reward from God, grounding active ethics in God rather than retaliation alone.	focus_42_36_cutoff_100.tsv	41	d3ccb1057f249855b13c83e94f392e4073e7fb8b66d8f4f8f5a5778f5fefe1ab
directional_review	42:36	2:201	medium	medium	42:36	2:201	2:201	cross_surah	label_target_note	ranked_review	Its balanced prayer seeks good in both this world and the Hereafter, refusing to sacrifice one horizon to the other.	focus_42_36_cutoff_100.tsv	42	3ae836af76aaf4c845f5c7dc3accf9f51d5209168741bb2fa08cd92ddce280e2
directional_review	42:36	3:73	medium	medium	42:36	3:73	3:73	cross_surah	label_target_note	ranked_review	It locates divine bounty in God's hand, qualifying possession of what has been given in the present.	focus_42_36_cutoff_100.tsv	43	60dc458936c4adf2d59decc744370eb2beb765aa0148917c7c9db9c1a2fc70b3
directional_review	42:36	42:26	medium	medium	42:36	42:26	42:26	same_surah	label_target_note	ranked_review	Its nearby promise to answer believers and increase them from bounty supports the responsive communal frame around the focus.	focus_42_36_cutoff_100.tsv	44	87c1bef432dc42ba9edf8dbb3dbbf116ca0b6d228f68dcf1758f4b1987829008
directional_review	42:36	69:23	no value	no value	42:36	69:23	69:23	cross_surah	label_target_note	ranked_review	The nearness of garden fruit does not develop worldly enjoyment or reliance on God.	focus_42_36_cutoff_100.tsv	45	5c18f695b0f6ea26e05c7dc108d9f164387217c1d57d876f049a55c8225654ce
directional_review	42:36	17:85	weak	weak	42:36	17:85	17:85	cross_surah	label_target_note	ranked_review	Its statement that people have received little knowledge loosely qualifies the scope of what humans are given.	focus_42_36_cutoff_100.tsv	46	1589547bb1f9800cee0bd0771b08f7ad2a3a233b4e4d2152edf47091a3a01a8a
directional_review	42:36	17:25	weak	weak	42:36	17:25	17:25	cross_surah	label_target_note	ranked_review	God's knowledge of inner states and forgiveness for returners only indirectly resonates with the surrounding moral context.	focus_42_36_cutoff_100.tsv	47	190bb955942ccae9686b9de9c753147d19151346cffa129d667f8e1fbb0a71ee
directional_review	42:36	3:197	medium	medium	42:36	3:197	3:197	cross_surah	label_target_note	ranked_review	It calls present enjoyment little before a final harmful destination, reinforcing the focus's temporal valuation.	focus_42_36_cutoff_100.tsv	48	ba0c10fef225abed21704e590f75ca26df9d9a6efc11d7522d387d3994c17b38
directional_review	42:36	27:36	medium	medium	42:36	27:36	27:36	cross_surah	label_target_note	ranked_review	Solomon rejects a gift of wealth by saying God's gift is better, offering a concrete comparison of received goods.	focus_42_36_cutoff_100.tsv	49	8f83b85847a0876c33acc83e7dd567b88440031c907faba320af9805b275303c
directional_review	42:36	42:41	strong	strong	42:36	42:41	42:41	same_surah	label_target_note	ranked_review	The local verse permits response to wrong after oppression, clarifying that trust does not eliminate responsible action.	focus_42_36_cutoff_100.tsv	50	da56991c99251ffa129c3cdf47db0d9ddd4e40c5f5a013f5fb73717908e09264
directional_review	42:36	10:85	strong	strong	42:36	10:85	10:85	cross_surah	label_target_note	ranked_review	The believers state their reliance on God in a prayer for protection from oppressive misinterpretation and harm.	focus_42_36_cutoff_100.tsv	51	2bb844f1e6212ce09ee120a1ddf7e73603fdba58d23947cc1189bb08d0fe3635
directional_review	42:36	53:51	weak	weak	42:36	53:51	53:51	cross_surah	label_target_note	ranked_review	Its statement that no Thamud survivors remained is only an inverse lexical echo of lastingness.	focus_42_36_cutoff_100.tsv	52	f4e632642e263b3581a58187709320a06f5bfa6b9741757a1453a451e95d8d03
directional_review	42:36	42:34	strong	strong	42:36	42:34	42:34	same_surah	label_target_note	ranked_review	The nearby verse combines earned ruin with extensive pardon, continuing the moral sequence that frames the focus.	focus_42_36_cutoff_100.tsv	53	983c9dd63b00b0a485e404bd4d4d2b48067c508f6fc70f3279c34b8c62cff9bd
directional_review	42:36	10:70	strong	strong	42:36	10:70	10:70	cross_surah	label_target_note	ranked_review	It explicitly calls life in this world temporary enjoyment before return to God and recompense.	focus_42_36_cutoff_100.tsv	54	ac4abb1a66bc196a991d137a120fc2a90d9ee176d8a71f4a29f88de1ac128af6
directional_review	42:36	29:12	no value	no value	42:36	29:12	29:12	cross_surah	label_target_note	ranked_review	False claims to bear another's sins do not illuminate temporary goods or reliance on the Lord.	focus_42_36_cutoff_100.tsv	55	9a87a4a3c1f2e4c4cef2839974605eaecb7717ca9b4c2fb1f940d4ee725419a1
directional_review	42:36	5:99	medium	medium	42:36	5:99	5:99	cross_surah	label_target_note	ranked_review	It limits the messenger to delivery while God knows what people reveal and conceal, supporting trust without surrendering the task.	focus_42_36_cutoff_100.tsv	56	43f50124d7f6a3d365323077ae0cfe0b78a78e73e87d4d3f2f068d6412120715
directional_review	42:36	67:5	no value	no value	42:36	67:5	67:5	cross_surah	label_target_note	ranked_review	Adornment of the lowest heaven and punishment of devils use different themes from the focus.	focus_42_36_cutoff_100.tsv	57	f8018ab07807f5f5215a8e11667a5ec20d19a10e9785a5b1816369b6c2dad126
directional_review	42:36	5:41	weak	weak	42:36	5:41	5:41	cross_surah	label_target_note	ranked_review	Its warning against grief over unbelief and its worldly-Hereafter contrast offer only a loose relation to the focus.	focus_42_36_cutoff_100.tsv	58	2eb5ef5c605bf4274057f741273554148c17038b164e38aeb3a907b29f703cfe
directional_review	42:36	42:42	strong	strong	42:36	42:42	42:42	same_surah	label_target_note	ranked_review	The local verse identifies unjust aggression and its painful consequence, completing the ethical sequence after the focus.	focus_42_36_cutoff_100.tsv	59	68021729819872983614df4e2df9d341a3f7ebad8f25c13cc0503ff7f1285a8a
directional_review	42:36	2:204	weak	weak	42:36	2:204	2:204	cross_surah	label_target_note	ranked_review	Attractive worldly speech is exposed by destructive conduct, only broadly challenging superficial present value.	focus_42_36_cutoff_100.tsv	60	0f4cb78e0161494645ae5be0bbf79de75c368bff1a839e2c032d3c595eebdb64
directional_review	42:36	14:11	strong	strong	42:36	14:11	14:11	cross_surah	label_target_note	ranked_review	The messengers continue their duty while believers are told to rely on God for what lies beyond their authority.	focus_42_36_cutoff_100.tsv	61	94cfee7ae4f90c23539f95a60229f84e41e31481a294cb05c18a7dc07506f851
directional_review	42:36	42:38	strong	strong	42:36	42:38	42:38	same_surah	label_target_note	ranked_review	The immediate continuation concretely defines the trusting believers through response, prayer, consultation, and spending.	focus_42_36_cutoff_100.tsv	62	573350a488704a3aaf4ba23ee779f959d253471d81a1543723e25f31fbdb78ba
directional_review	42:36	5:11	strong	strong	42:36	5:11	5:11	cross_surah	label_target_note	ranked_review	After recalling protection from threatened violence, it commands believers to fear God and rely on Him.	focus_42_36_cutoff_100.tsv	63	b4dce6fb19e9525baa4a1ade940359259e52f802b130d08933b3ccd0fe09a0e9
directional_review	42:36	20:127	medium	medium	42:36	20:127	20:127	cross_surah	label_target_note	ranked_review	Its description of the Hereafter's punishment as more severe and lasting preserves the focus's comparative measure in a different setting.	focus_42_36_cutoff_100.tsv	64	c9f268f1d5444d3431007a054b3f79bf8fbea40413df016d702e0e6c6a680d22
directional_review	42:36	5:101	no value	no value	42:36	5:101	5:101	cross_surah	label_target_note	ranked_review	The warning against certain questions concerns disclosure and pardon rather than either focal reading.	focus_42_36_cutoff_100.tsv	65	b65c10f5f8ae0657b83fe287459900526ec3203dc36b991465672f67b892f806
directional_review	42:36	10:23	strong	strong	42:36	10:23	10:23	cross_surah	label_target_note	ranked_review	It calls wrongful earthly advantage temporary enjoyment before return to God and disclosure of deeds.	focus_42_36_cutoff_100.tsv	66	b411fd18ed5b404a8a2893a3e3f0dd87c49a101c2dc533417f407f7c0e10841b
directional_review	42:36	11:101	weak	weak	42:36	11:101	11:101	cross_surah	label_target_note	ranked_review	The failure of false gods at God's command broadly supports reliance on God alone, without the focus's value contrast.	focus_42_36_cutoff_100.tsv	67	a474a3921aa48d3ed6a9a5d7cbd06774d745dcb411b6fd210a5497e1443607ed
directional_review	42:36	42:25	weak	weak	42:36	42:25	42:25	same_surah	label_target_note	ranked_review	Its nearby acceptance of repentance and pardon belongs to the surrounding passage but does not develop the focus's claims.	focus_42_36_cutoff_100.tsv	68	ed14978c5d6c6ba26eb67c9e4b23219c5ead1272316b9b6fdb0e5c2c07eef8f6
directional_review	42:36	4:134	strong	strong	42:36	4:134	4:134	cross_surah	label_target_note	ranked_review	It corrects one who seeks only worldly reward by locating both worldly and final reward with God.	focus_42_36_cutoff_100.tsv	69	8ad118a0748ff457418d53794f70c3a58801e19aeead01296ce5b18a3a3d1a0b
directional_review	42:36	59:6	weak	weak	42:36	59:6	59:6	cross_surah	label_target_note	ranked_review	God's unrestricted power over distribution gives a broad sovereignty backdrop, but not a focused connection.	focus_42_36_cutoff_100.tsv	70	e2a694c8bf1843017caf80ef9e05918909392d82365d7273f953dcdc048eac1c
directional_review	42:36	5:102	no value	no value	42:36	5:102	5:102	cross_surah	label_target_note	ranked_review	Its account of earlier people rejecting what they asked does not clarify the focus.	focus_42_36_cutoff_100.tsv	71	e24e0ab0eb50a9108fca37fedc9ca8805167ee73ed1297e01e4be33b96867a24
directional_review	42:36	2:86	strong	strong	42:36	2:86	2:86	cross_surah	label_target_note	ranked_review	It depicts choosing worldly life at the cost of the Hereafter as a disastrous exchange.	focus_42_36_cutoff_100.tsv	72	9ef5667df0b8303a3db5d54e92b83e64fbe82fb2244069c84302c965a9b026d5
directional_review	42:36	4:80	medium	medium	42:36	4:80	4:80	cross_surah	label_target_note	ranked_review	It distinguishes the messenger's obligation from control over those who turn away, supporting reliance alongside faithful delivery.	focus_42_36_cutoff_100.tsv	73	4c1efe1c92561b466c6458bec0da6befbb265eee9e47f7cddbb7e8159c5655a7
directional_review	42:36	42:9	medium	medium	42:36	42:9	42:9	same_surah	label_target_note	ranked_review	Its declaration that God alone is the true protector and revives the dead supports the local basis for relying on Him.	focus_42_36_cutoff_100.tsv	74	dee4d7dfbeff43231a9e56b1ae7b219df99c759f7402492879588b671131acc6
directional_review	42:36	10:71	strong	strong	42:36	10:71	10:71	cross_surah	label_target_note	ranked_review	Noah's reliance on God enables open, unafraid confrontation with his opponents rather than passive withdrawal.	focus_42_36_cutoff_100.tsv	75	b1700c9cc54c5a19d94476a2563d946ec4aa98856b5f34ad1bc6b7be8dc1971e
directional_review	42:36	2:282	weak	weak	42:36	2:282	2:282	cross_surah	label_target_note	ranked_review	Its detailed rules for fair debt establish responsible use of material dealings, but connect only loosely to the focus.	focus_42_36_cutoff_100.tsv	76	1310af37dda575826d1c5d4cce0bdf068af05a8c9fe06d0d3552162175b44fe3
directional_review	42:36	22:60	medium	medium	42:36	22:60	22:60	cross_surah	label_target_note	ranked_review	Measured response to injury and God's promised aid provide a close parallel to the active defense later described in the same passage.	focus_42_36_cutoff_100.tsv	77	638a74cb24e2b6d1af7e8ebe9dd6198f6568911a76c41e22d3080ab9a8041c0e
directional_review	42:36	26:120	no value	no value	42:36	26:120	26:120	cross_surah	label_target_note	ranked_review	The drowning of those left behind does not clarify worldly goods or reliance.	focus_42_36_cutoff_100.tsv	78	7d6a977eb7a047c4cf752de35ce124ac88acb3f0b248cd7d4a930ad27339c587
directional_review	42:36	13:33	weak	weak	42:36	13:33	13:33	cross_surah	label_target_note	ranked_review	God's standing over every soul and its earnings broadly supports accountability, not the focus's particular themes.	focus_42_36_cutoff_100.tsv	79	a5e7d7b298fa53752f0b85c064a928002fab9c2679bca97b8f0e786f4c228199
directional_review	42:36	42:3	medium	medium	42:36	42:3	42:3	same_surah	label_target_note	ranked_review	The surah's opening attribution of revelation to the Mighty, Wise God supplies a nearby theological frame for the focus.	focus_42_36_cutoff_100.tsv	80	df176e87f1d25a440b09f42d83dd3da4251a4c25e17f7cd989f53fac3977f6d7
directional_review	42:36	2:200	medium	medium	42:36	2:200	2:200	cross_surah	label_target_note	ranked_review	It contrasts a prayer confined to worldly gain with the lack of any final share, directly testing the focus's value horizon.	focus_42_36_cutoff_100.tsv	81	e13e92bfb344a177bdd182c6f6619441a09ccff293ae422d857ae2eadcb0b81d
directional_review	42:36	16:30	strong	strong	42:36	16:30	16:30	cross_surah	label_target_note	ranked_review	It affirms worldly good while declaring the abode of the Hereafter better, matching the focus's non-denial and comparison.	focus_42_36_cutoff_100.tsv	82	ce39ac8deacad854a93383494613442543655420877a2fcee03cb3c7afa02b18
directional_review	42:36	68:38	no value	no value	42:36	68:38	68:38	cross_surah	label_target_note	ranked_review	The claim to have whatever one chooses does not develop the focus's themes.	focus_42_36_cutoff_100.tsv	83	5dfade0f29720e5f78e6b1f8faa538fdd80396b7bb03839e5a78eabda4dd6829
directional_review	42:36	4:109	strong	strong	42:36	4:109	4:109	cross_surah	label_target_note	ranked_review	It contrasts worldly advocacy with the impossibility of advocacy before God on the Day of Resurrection.	focus_42_36_cutoff_100.tsv	84	c971d2e3058a86aad6a727da7d51ecb2a8733e36ed3530a36005f73f9b66bafa
directional_review	42:36	30:39	medium	medium	42:36	30:39	30:39	cross_surah	label_target_note	ranked_review	It distinguishes wealth-seeking increase from charity directed to God, giving material action a God-centered measure.	focus_42_36_cutoff_100.tsv	85	48dcd5f1fa025a2199bfa6cc377fafaa3da9e37c269c774e6756ac33b1d0b5e5
directional_review	42:36	42:29	weak	weak	42:36	42:29	42:29	same_surah	label_target_note	ranked_review	Its nearby signs of creation and future gathering establish divine power but not the focus's central comparison or trust practice.	focus_42_36_cutoff_100.tsv	86	d1e706e7a9efcf799bc5e1b7d7b63604a65208ab7322c8a293b4ded4eaf6d3ff
directional_review	42:36	25:58	strong	strong	42:36	25:58	25:58	cross_surah	label_target_note	ranked_review	It commands reliance on the Living One who does not die, grounding trust in God's enduring life.	focus_42_36_cutoff_100.tsv	87	3b2c4c3bc2a42ea7a21505ce4d3a2bfb3b571307db1093d300c88ff5d8687214
directional_review	42:36	2:212	strong	strong	42:36	2:212	2:212	cross_surah	label_target_note	ranked_review	It exposes worldly life as an adornment for disbelievers while locating the final elevation of the mindful beyond it.	focus_42_36_cutoff_100.tsv	88	64a55c54441c9fced5ebefd1b5dbeb8d824dcc6f81782a88417feb7b0195c1eb
directional_review	42:36	26:81	weak	weak	42:36	26:81	26:81	cross_surah	label_target_note	ranked_review	God's power to cause death and restore life broadly supports reliance in a different thematic setting.	focus_42_36_cutoff_100.tsv	89	3a174bd62f82de34d9b49fd114084e5a0cfa589d4e36e87409a23c37447440da
directional_review	42:36	33:28	medium	medium	42:36	33:28	33:28	cross_surah	label_target_note	ranked_review	It frames worldly life and adornment as a real but consequential marital choice, keeping them from being treated as ultimate.	focus_42_36_cutoff_100.tsv	90	a05b93ad722b1218f6a0977e9e9a5c02ed16a4dffe1fb125ed0b5da25243b54e
directional_review	42:36	33:50	no value	no value	42:36	33:50	33:50	cross_surah	label_target_note	ranked_review	Its specific marital permissions do not clarify the focus's valuation of worldly goods or reliance.	focus_42_36_cutoff_100.tsv	91	314ccb9e26e121b0a72bbc7bb6024168713bc2dd077f4b59c9e5fc37669b25f8
directional_review	42:36	28:61	strong	strong	42:36	28:61	28:61	cross_surah	label_target_note	ranked_review	It directly contrasts a fulfilled good promise with temporary worldly enjoyment followed by being summoned for judgment.	focus_42_36_cutoff_100.tsv	92	0cf02c30e4666377e32bc771c8871dd9e59a9d60eb6b096ae2c59912760c02b7
directional_review	42:36	19:74	medium	medium	42:36	19:74	19:74	cross_surah	label_target_note	ranked_review	The destruction of generations once superior in furnishings and appearance undercuts the permanence of visible worldly display.	focus_42_36_cutoff_100.tsv	93	218611bfd3b5f95961637665c4fdf5b036ab3801671780e37ad9aa70042ae63d
directional_review	42:36	79:33	medium	medium	42:36	79:33	79:33	cross_surah	label_target_note	ranked_review	It names created resources as provision for humans and livestock, supporting the focus's instrumental account of worldly goods.	focus_42_36_cutoff_100.tsv	94	60490092eb98ad808155c0afec4e5e82d7f81599a4557b6f633d3b9d510415c4
directional_review	42:36	50:33	weak	weak	42:36	50:33	50:33	cross_surah	label_target_note	ranked_review	Reverent fear and a returning heart broadly resemble the believer's orientation, without a direct thematic link.	focus_42_36_cutoff_100.tsv	95	8e254f0f9902a8bab7d7b645d7da23dd5b0f751c5a30d8d1e7882d5ca0dbb41c
directional_review	42:36	11:3	strong	strong	42:36	11:3	11:3	cross_surah	label_target_note	ranked_review	It calls a good worldly enjoyment a time-bounded benefit, not a permanent possession, before the greater day.	focus_42_36_cutoff_100.tsv	96	e57cca691b8515e2497de2a15b35f20b044447d4e0378a6431a72a759034a20e
directional_review	42:36	91:7	no value	no value	42:36	91:7	91:7	cross_surah	label_target_note	ranked_review	The formation of the soul does not clarify worldly enjoyment or reliance on the Lord.	focus_42_36_cutoff_100.tsv	97	a71de3359802d173f7f4ee2a626eea51dfaf5b977c902602651a0e42ebe1e846
directional_review	42:36	46:20	strong	strong	42:36	46:20	46:20	cross_surah	label_target_note	ranked_review	It warns against exhausting good things in worldly life as though that horizon were sufficient.	focus_42_36_cutoff_100.tsv	98	ec05981d11a8068755e343ec2524eb6fa8ec0fabe190cce827787e0a013b9556
directional_review	42:36	40:37	weak	weak	42:36	40:37	40:37	cross_surah	label_target_note	ranked_review	Pharaoh's embellished scheme and ruin only broadly warn against deceptive worldly judgment.	focus_42_36_cutoff_100.tsv	99	622c0eacebb7286e3274322e795cc6866882ac4409bb28fe6ae0cbee2c10a706
directional_review	42:36	57:20	strong	strong	42:36	57:20	57:20	cross_surah	label_target_note	ranked_review	It gives an extended account of worldly life as passing play, adornment, rivalry, and accumulation before the final alternatives.	focus_42_36_cutoff_100.tsv	100	b336afc25763c79c34df7451609fc28c056c577edd724caaa229affff4b7e26f
directional_review	42:36	3:14	strong	strong	42:36	3:14	3:14	cross_surah	label_target_note	missing_ayah_suggestion	It names desire for possessions, family, and wealth as adornment of worldly life, then directs value toward God's better return.	focus_42_36_cutoff_100.tsv	101	d8f67ca41d3fe1aa51ddb83d91f52140cd7f6a44b8039eea97d8dfdb54cfa42f
directional_review	42:36	3:122	strong	strong	42:36	3:122	3:122	cross_surah	label_target_note	missing_ayah_suggestion	It calls believers to rely on God when resolve weakens, making trust an active communal discipline.	focus_42_36_cutoff_100.tsv	102	eeba892e9126b49a1c47b1bf590128644d97eb244ead6f9c85197b0b9b44e473
directional_review	42:36	3:159	strong	strong	42:36	3:159	3:159	cross_surah	label_target_note	missing_ayah_suggestion	It explicitly joins consultation, decisive action, and reliance on God, directly clarifying the focus's second reading.	focus_42_36_cutoff_100.tsv	103	4fb98feeb526835180a4066f1a858902bd010f2ea1ec1a447e67ef9d15e8820c
directional_review	42:36	3:160	strong	strong	42:36	3:160	3:160	cross_surah	label_target_note	missing_ayah_suggestion	It grounds reliance in God's decisive help and the limits of all other support.	focus_42_36_cutoff_100.tsv	104	91955f9c00c67a034ec0cb1f66bf3d65c4d1c79437a6200f06c92edb4340dab0
directional_review	42:36	3:185	strong	strong	42:36	3:185	3:185	cross_surah	label_target_note	missing_ayah_suggestion	It calls worldly life only the enjoyment of delusion when measured against the final recompense.	focus_42_36_cutoff_100.tsv	105	043fbbd9b112fe8896017a11857b9518aa69cd98a8004c9a9e86fbb22bcaf4fe
directional_review	42:36	4:94	medium	medium	42:36	4:94	4:94	cross_surah	label_target_note	missing_ayah_suggestion	It warns believers not to pursue the goods of worldly life at the cost of just recognition and conduct.	focus_42_36_cutoff_100.tsv	106	9fe118cf1addfb04a95d6d46e5d939b473a55dfa073aa819ea7e64a7706208ac
directional_review	42:36	6:70	strong	strong	42:36	6:70	6:70	cross_surah	label_target_note	missing_ayah_suggestion	It describes those deceived by worldly life and makes later accountability the corrective horizon.	focus_42_36_cutoff_100.tsv	107	d5935e35a7a0fc359dae5624f9af06a1dd90bcc16fe34273b7580a2a6023ace9
directional_review	42:36	7:51	medium	medium	42:36	7:51	7:51	cross_surah	label_target_note	missing_ayah_suggestion	It links taking religion as play and diversion with being deceived by worldly life.	focus_42_36_cutoff_100.tsv	108	5c13b59c54a5e49796648606d9c98f89464cd356a46f9ad76456d61fad253784
directional_review	42:36	7:89	strong	strong	42:36	7:89	7:89	cross_surah	label_target_note	missing_ayah_suggestion	It places communal conflict under reliance on God and asks Him to judge justly between the parties.	focus_42_36_cutoff_100.tsv	109	e28ec16723abeb0bb5930860ea6a8577ae511fd2264ad983af0b7f9b14193839
directional_review	42:36	8:61	strong	strong	42:36	8:61	8:61	cross_surah	label_target_note	missing_ayah_suggestion	It commands acceptance of peace when offered and then reliance on God, joining practical decision with trust.	focus_42_36_cutoff_100.tsv	110	89697284169b20d8af679b608a2da7b79f29de60afecaec594ce9de34061cf23
directional_review	42:36	9:24	strong	strong	42:36	9:24	9:24	cross_surah	label_target_note	missing_ayah_suggestion	It warns against preferring family, wealth, trade, and dwellings over God and His cause.	focus_42_36_cutoff_100.tsv	111	1e293f5f25fcb38286072708b550d7073ad4e4ccdbe92967f1596fa999269d50
directional_review	42:36	9:55	medium	medium	42:36	9:55	9:55	cross_surah	label_target_note	missing_ayah_suggestion	It treats wealth and children as a worldly test rather than proof of lasting favor.	focus_42_36_cutoff_100.tsv	112	2021ea54d8ae121aa3f5bef135e7ca251568a83c5fe6c366b107e0c1dbf709ee
directional_review	42:36	9:85	medium	medium	42:36	9:85	9:85	cross_surah	label_target_note	missing_ayah_suggestion	It repeats that wealth and children can become a test within worldly life rather than final gain.	focus_42_36_cutoff_100.tsv	113	9ec29f6a315b31933686302064e1db8702684d4a5a9852202261125995784ab3
directional_review	42:36	9:129	strong	strong	42:36	9:129	9:129	cross_surah	label_target_note	missing_ayah_suggestion	It makes God sufficient and states direct reliance on the Lord of the mighty throne.	focus_42_36_cutoff_100.tsv	114	850a8022c21d9bb5c6bea61a0101dbff1821e4f7403ca2d600a3941925ae3d38
directional_review	42:36	10:24	strong	strong	42:36	10:24	10:24	cross_surah	label_target_note	missing_ayah_suggestion	Its parable of worldly life depicts flourishing that rapidly withers, exposing the instability of present display.	focus_42_36_cutoff_100.tsv	115	aa4ff4a85ce94900e6e095d22bdfca01ac8616277294645ddf82692d7d8496ed
directional_review	42:36	11:15	strong	strong	42:36	11:15	11:15	cross_surah	label_target_note	missing_ayah_suggestion	It warns that seeking only worldly life and its adornment exhausts the horizon of one's recompense.	focus_42_36_cutoff_100.tsv	116	fb9404a7ff20b2a997f9d0acb1fd9cbf7ffb1bac1f40b4d806bd70f891182685
directional_review	42:36	11:56	strong	strong	42:36	11:56	11:56	cross_surah	label_target_note	missing_ayah_suggestion	Hud declares reliance on God while confronting hostile power, making trust the basis for unafraid action.	focus_42_36_cutoff_100.tsv	117	a2874455ae1336d41e655d75e51c9c6aa26ede1704e119dc752f44a7d43a8ed6
directional_review	42:36	11:88	strong	strong	42:36	11:88	11:88	cross_surah	label_target_note	missing_ayah_suggestion	Shu'ayb joins reforming action with reliance on God, directly modeling trust without passivity.	focus_42_36_cutoff_100.tsv	118	28b60b27d5c64b2e47a4fed50fcf8e24601ac947454678c1bbf3da7fd21ccaba
directional_review	42:36	11:123	strong	strong	42:36	11:123	11:123	cross_surah	label_target_note	missing_ayah_suggestion	It concludes that all matters return to God and therefore He alone is to be worshipped and relied upon.	focus_42_36_cutoff_100.tsv	119	b8c45415485ebc19eaa606543109bfd7767bbc3ff0dad5d08349ab9d17311510
directional_review	42:36	12:67	strong	strong	42:36	12:67	12:67	cross_surah	label_target_note	missing_ayah_suggestion	Jacob takes practical precautions while relying on God for judgment, closely matching active trust.	focus_42_36_cutoff_100.tsv	120	4e495555bbf819aa372e1c18cfaf9933596ddcb2d20c7c2070fd12ac00853469
directional_review	42:36	14:3	strong	strong	42:36	14:3	14:3	cross_surah	label_target_note	missing_ayah_suggestion	It condemns those who prefer worldly life over the Hereafter and divert others from God's path.	focus_42_36_cutoff_100.tsv	121	084ebc99740f2e6401953b579addd691195f5b414bf864111343c7fb4df49cf4
directional_review	42:36	14:12	strong	strong	42:36	14:12	14:12	cross_surah	label_target_note	missing_ayah_suggestion	The messengers ground patient endurance in the guidance already received and call those who rely to rely on God.	focus_42_36_cutoff_100.tsv	122	90353c292bbbe1cf655df7777ac69cd22983d1068cf19ce6cc099d541ee5552f
directional_review	42:36	16:96	strong	strong	42:36	16:96	16:96	cross_surah	label_target_note	missing_ayah_suggestion	It directly contrasts what humans possess, which is exhausted, with what is with God, which remains.	focus_42_36_cutoff_100.tsv	123	0f1dfcd11d93af4c4f0c5a41ab6ad03159418b25e500c24d5a063a6e00bd7731
directional_review	42:36	17:18	strong	strong	42:36	17:18	17:18	cross_surah	label_target_note	missing_ayah_suggestion	It distinguishes the one who seeks the immediate world from the final consequence of that choice.	focus_42_36_cutoff_100.tsv	124	ba61f8b0bb900592847f3e6b9b86cf782a3f1ded444f14fb8fdde543810f326c
directional_review	42:36	17:19	strong	strong	42:36	17:19	17:19	cross_surah	label_target_note	missing_ayah_suggestion	It sets striving for the Hereafter alongside faith as the alternative value orientation.	focus_42_36_cutoff_100.tsv	125	82e2c43b0afc5b4a31d47681e1c452d36cb2beef73fafc75221ecd04717eb8c8
directional_review	42:36	17:21	medium	medium	42:36	17:21	17:21	cross_surah	label_target_note	missing_ayah_suggestion	It compares unequal worldly degrees and then states that the Hereafter is greater in degrees and preference.	focus_42_36_cutoff_100.tsv	126	6cf87e48ec6a3fa41721e58195cb0373f3f5ccbb07493630c3da44ded988ff3d
directional_review	42:36	18:28	strong	strong	42:36	18:28	18:28	cross_surah	label_target_note	missing_ayah_suggestion	It forbids turning one's eyes toward worldly adornment and directs attention to those devoted to their Lord.	focus_42_36_cutoff_100.tsv	127	eaa66137925a4fde09f472e27d0c36c9213019be97cdebf5173cfe9ac6d5a000
directional_review	42:36	18:39	medium	medium	42:36	18:39	18:39	cross_surah	label_target_note	missing_ayah_suggestion	Its garden narrative exposes wealth and possessions as insecure grounds for confidence.	focus_42_36_cutoff_100.tsv	128	11640a32a3c4ff012a779e6fd3e97d3074127389dec8af8b7a7a995c21cd3fc2
directional_review	42:36	18:45	strong	strong	42:36	18:45	18:45	cross_surah	label_target_note	missing_ayah_suggestion	Its parable makes worldly life vivid but quickly scattered and vanished, clarifying its temporary status.	focus_42_36_cutoff_100.tsv	129	194ae9ae6aa897c7c152ceada66993f058de35dcfe2f00a1809db8ba4377c4e2
directional_review	42:36	24:37	strong	strong	42:36	24:37	24:37	cross_surah	label_target_note	missing_ayah_suggestion	It portrays believers whose trade does not distract them from God, prayer, and almsgiving, linking material activity to lasting accountability.	focus_42_36_cutoff_100.tsv	130	72a5c5154620980eee7ca0111f9991c2a99b4393cec17d884cf7652bccdb0380
directional_review	42:36	28:77	strong	strong	42:36	28:77	28:77	cross_surah	label_target_note	missing_ayah_suggestion	It directs recipients of wealth to seek the Hereafter through it without denying their worldly share, the focus's instrumental valuation stated explicitly.	focus_42_36_cutoff_100.tsv	131	90f88492b84f3bac242948e1a685acd9f68732f707399c485a1256f171be685b
directional_review	42:36	29:64	strong	strong	42:36	29:64	29:64	cross_surah	label_target_note	missing_ayah_suggestion	It calls worldly life amusement and diversion while identifying the final abode as true life.	focus_42_36_cutoff_100.tsv	132	8bd97708d2f8a09ac3fa7a94df54894efddd86fe32b8b96bb03c8a256333a202
directional_review	42:36	31:33	strong	strong	42:36	31:33	31:33	cross_surah	label_target_note	missing_ayah_suggestion	It warns that worldly life and deceptive promises about God must not mislead people.	focus_42_36_cutoff_100.tsv	133	96a3a7f174c8fec6bc741fe7b5856186464cc1d71db5eb3c797c3f4b77640e22
directional_review	42:36	33:3	strong	strong	42:36	33:3	33:3	cross_surah	label_target_note	missing_ayah_suggestion	It commands reliance on God and calls Him sufficient as guardian.	focus_42_36_cutoff_100.tsv	134	c1639e81e742ae1c1acec1687b2247287968b0d8a3cb788fdc70481fcb91d964
directional_review	42:36	33:48	strong	strong	42:36	33:48	33:48	cross_surah	label_target_note	missing_ayah_suggestion	It repeats the command to rely on God while maintaining principled resistance to hostile pressure.	focus_42_36_cutoff_100.tsv	135	256e72d52e2c5e82a276675963c1a0bb79f0d4c4fa96774644c1b2b3e35202ee
directional_review	42:36	34:35	medium	medium	42:36	34:35	34:35	cross_surah	label_target_note	missing_ayah_suggestion	It rejects abundance of wealth and children as a measure of nearness to God.	focus_42_36_cutoff_100.tsv	136	80eecd9ef44ff211efd148a6be2ecb0a4346534e41863479f835dfdab4b8e047
directional_review	42:36	34:37	strong	strong	42:36	34:37	34:37	cross_surah	label_target_note	missing_ayah_suggestion	It denies that wealth and children bring one near to God except through faith and righteous action.	focus_42_36_cutoff_100.tsv	137	aa00f3ca0fc62c1822d13cdc999fb77b076d0b14b7bc99b9d19b21e7073f51ff
directional_review	42:36	39:38	strong	strong	42:36	39:38	39:38	cross_surah	label_target_note	missing_ayah_suggestion	It declares God sufficient and explicitly directs those who rely to rely on Him.	focus_42_36_cutoff_100.tsv	138	fa3d1f7b166796d7fb9546371cb07517b6d07e66b6d02c7e1367b10c5bb0b8ea
directional_review	42:36	40:39	strong	strong	42:36	40:39	40:39	cross_surah	label_target_note	missing_ayah_suggestion	It calls worldly life only temporary enjoyment and the Hereafter the enduring home.	focus_42_36_cutoff_100.tsv	139	d4d8fa0c7e4a283728044fd7bf787dd9f927226bd28ac017a94b16dcfe37c1e5
directional_review	42:36	40:44	strong	strong	42:36	40:44	40:44	cross_surah	label_target_note	missing_ayah_suggestion	It entrusts the affair to God, providing a direct formulation of reliance under conflict.	focus_42_36_cutoff_100.tsv	140	9debe19a8489624f933eec401c8f6e554ca6ae1f26556e52e6f065bc98accf5a
directional_review	42:36	42:10	strong	strong	42:36	42:10	42:10	same_surah	label_target_note	missing_ayah_suggestion	It places judgment with God and explicitly states reliance on Him and return to Him.	focus_42_36_cutoff_100.tsv	141	3f1284b163acf44be5ccf8184a878957da07067582b481ca084d5d72df626ea0
directional_review	42:36	45:35	medium	medium	42:36	45:35	45:35	cross_surah	label_target_note	missing_ayah_suggestion	It links treating God's signs as mockery with being deceived by worldly life before final recompense.	focus_42_36_cutoff_100.tsv	142	fe7119ee11f18a20b051b2aa0c44357345b46c2d55eefa8634a215806ddf2253
directional_review	42:36	47:36	strong	strong	42:36	47:36	47:36	cross_surah	label_target_note	missing_ayah_suggestion	It calls worldly life play and diversion while tying faith, mindfulness, and giving to an enduring reward.	focus_42_36_cutoff_100.tsv	143	9b96cd32751ca37d681b8035cafe5fafdbae36c875c076e9bb51a4237a247c0b
directional_review	42:36	55:26	strong	strong	42:36	55:26	55:26	cross_surah	label_target_note	missing_ayah_suggestion	It declares all on earth perishing, giving an ontological basis for the focus's contrast with what endures.	focus_42_36_cutoff_100.tsv	144	ef5d47959a231e6909916a9b6836aad3c879aa5f80125e0099f235e27137150b
directional_review	42:36	55:27	strong	strong	42:36	55:27	55:27	cross_surah	label_target_note	missing_ayah_suggestion	It follows the passing of creation with the abiding majesty and honor of the Lord.	focus_42_36_cutoff_100.tsv	145	a93f58950b17398934262f9249d43e798824acbe7b592aea3a0e15a6f91fe6bf
directional_review	42:36	57:23	medium	medium	42:36	57:23	57:23	cross_surah	label_target_note	missing_ayah_suggestion	It disciplines grief and exultation over changing possessions, treating received goods as a test rather than final status.	focus_42_36_cutoff_100.tsv	146	4a84178a8fbd02542e540921f0d40bcf189658e339a50ac9aab87548498245ae
directional_review	42:36	60:4	strong	strong	42:36	60:4	60:4	cross_surah	label_target_note	missing_ayah_suggestion	It records a community's declaration, "Upon You we have relied," amid costly separation from false worship.	focus_42_36_cutoff_100.tsv	147	3bda445fd44381737b065f247481d9608ba42259d9b39313dc247494cc3d4783
directional_review	42:36	63:9	strong	strong	42:36	63:9	63:9	cross_surah	label_target_note	missing_ayah_suggestion	It warns that wealth and children can distract from remembrance of God and thereby produce loss.	focus_42_36_cutoff_100.tsv	148	89912b0ec75517c870afe5c427e263621e05e82eeb12b2172d196fb6b2d0b3f5
directional_review	42:36	64:13	strong	strong	42:36	64:13	64:13	cross_surah	label_target_note	missing_ayah_suggestion	It states that believers should rely on God alone after affirming His sole divinity.	focus_42_36_cutoff_100.tsv	149	f442399d48957d224a3e586c682857b2635873e60e6bf06e4d2b23e0f37cdf59
directional_review	42:36	64:15	medium	medium	42:36	64:15	64:15	cross_surah	label_target_note	missing_ayah_suggestion	It identifies wealth and children as a test and locates the greater reward with God.	focus_42_36_cutoff_100.tsv	150	bf493a9ab3f69f41cf8efd4f0149fe5a827ba9cd98a5c6a4cb5618bd1b3351c3
directional_review	42:36	65:3	strong	strong	42:36	65:3	65:3	cross_surah	label_target_note	missing_ayah_suggestion	It directly promises sufficiency to whoever relies on God, making reliance the ayah's governing action.	focus_42_36_cutoff_100.tsv	151	24452b0522b506ab495b3e0c2d31d221dc6550e33e70c5ccd5bf1986a7f9fff1
directional_review	42:36	75:20	strong	strong	42:36	75:20	75:20	cross_surah	label_target_note	missing_ayah_suggestion	It exposes love of the immediate world as the preference that obscures the final horizon.	focus_42_36_cutoff_100.tsv	152	ab4daee6932ce1669a9cc1f45019dd49ffdc441418a0373cbc7f28e765c24dfe
directional_review	42:36	75:21	strong	strong	42:36	75:21	75:21	cross_surah	label_target_note	missing_ayah_suggestion	It pairs attachment to the immediate with neglect of the Hereafter.	focus_42_36_cutoff_100.tsv	153	4269ff58adf4656262ab88cc400b5a59349459d8e6e20c3e34c12e51173f598a
directional_review	42:36	76:27	strong	strong	42:36	76:27	76:27	cross_surah	label_target_note	missing_ayah_suggestion	It criticizes those who love the immediate world and leave behind a weighty day.	focus_42_36_cutoff_100.tsv	154	11fa8078487c9bf22bcbe4112403bf4c06b63d171e9fa3beef70f888812c4b9e
directional_review	42:36	79:37	strong	strong	42:36	79:37	79:37	cross_surah	label_target_note	missing_ayah_suggestion	It identifies transgression and preference for worldly life as the path whose final outcome is ruin.	focus_42_36_cutoff_100.tsv	155	505dff106012c40afa54e800f49be2be23e8cb7ee170e1f90f007f8cb10b724f
directional_review	42:36	79:38	strong	strong	42:36	79:38	79:38	cross_surah	label_target_note	missing_ayah_suggestion	It makes preference for worldly life the decisive misordering in the passage's final comparison.	focus_42_36_cutoff_100.tsv	156	1b47ad57b3de5c44e6f776019f5972db555e5db37498f3a361b16415e1b31f5a
directional_review	42:36	79:40	strong	strong	42:36	79:40	79:40	cross_surah	label_target_note	missing_ayah_suggestion	It presents fear of standing before the Lord and restraint from desire as the opposing orientation.	focus_42_36_cutoff_100.tsv	157	50ad39c097ea36aa09d2aea4115dd0aa97dc0569bf2fc9bf125c54629f512161
directional_review	42:36	79:41	strong	strong	42:36	79:41	79:41	cross_surah	label_target_note	missing_ayah_suggestion	It gives the garden as the lasting destination of that restrained, God-oriented life.	focus_42_36_cutoff_100.tsv	158	9d35996b58277b2abe0b9d0258e3971dee193c39b1790fbf50b8c2e5a544f250
directional_review	42:36	87:16	strong	strong	42:36	87:16	87:16	cross_surah	label_target_note	missing_ayah_suggestion	It explicitly rebukes preference for worldly life immediately before declaring the Hereafter better and more lasting.	focus_42_36_cutoff_100.tsv	159	f3e2ee04b1b9a3758f4d713d7b67dd3d3bb67e5343be540a8a684259e55b5f11
directional_review	42:36	89:20	medium	medium	42:36	89:20	89:20	cross_surah	label_target_note	missing_ayah_suggestion	It identifies excessive love of wealth as a moral distortion of valuation.	focus_42_36_cutoff_100.tsv	160	463dacc7b47e404ec2ea922f4d6e0c44868dff1ff452519fa832d69a935e78bc
directional_review	42:36	102:1	strong	strong	42:36	102:1	102:1	cross_surah	label_target_note	missing_ayah_suggestion	It names rivalry in accumulation as a distraction that lasts until death interrupts it.	focus_42_36_cutoff_100.tsv	161	410abfaeb386aed9280f8800432ea2d60cfa22e20c136bf1066d0ab2f4f509ba
directional_review	42:36	104:2	strong	strong	42:36	104:2	104:2	cross_surah	label_target_note	missing_ayah_suggestion	It exposes amassed and counted wealth as falsely imagined to make its owner permanent.	focus_42_36_cutoff_100.tsv	162	77046a88b3168615fdb292a09847a99d94a033495a83bdf2a68cab757ffa9778
directional_review	42:36	3:173	strong	strong	42:36	3:173	3:173	cross_surah	label_target_note	missing_ayah_suggestion	It makes God sufficient and names Him the best guardian when believers face a threatened return to battle.	focus_42_36_cutoff_100.tsv	163	9a81b7804a3a829e5a0eaed66495247fa1f37f71492fb842ff1e62c6b6feacbc
directional_review	42:36	4:81	strong	strong	42:36	4:81	4:81	cross_surah	label_target_note	missing_ayah_suggestion	It tells the messenger to rely on God after others turn away, separating faithful delivery from control of their response.	focus_42_36_cutoff_100.tsv	164	be80f6e00d67b4ec9b5700199882e235fcf3446d557637ae34bae979e19bc4d1
directional_review	42:36	6:102	medium	medium	42:36	6:102	6:102	cross_surah	label_target_note	missing_ayah_suggestion	It declares God the creator of all things and guardian over all things, supplying a broad ground for reliance.	focus_42_36_cutoff_100.tsv	165	3dca0f547e6a5805abd094ab5042723373f254f1bb9e414fa50e7141bd30d740
directional_review	42:36	7:196	strong	strong	42:36	7:196	7:196	cross_surah	label_target_note	missing_ayah_suggestion	It identifies God as the protecting guardian of the revealed Book and of the righteous.	focus_42_36_cutoff_100.tsv	166	dd8c17404a7fb90cac822fd14e469a7e3cae4425eb5147925f410f0a08400e61
directional_review	42:36	8:49	medium	medium	42:36	8:49	8:49	cross_surah	label_target_note	missing_ayah_suggestion	It contrasts claims that faith has deceived believers with the declaration that whoever relies on God relies on the Mighty, Wise One.	focus_42_36_cutoff_100.tsv	167	1045356d1c22fbb303d790fb90ccf8f2856a16839f3c2ce576d17636c758a6e3
directional_review	42:36	8:64	medium	medium	42:36	8:64	8:64	cross_surah	label_target_note	missing_ayah_suggestion	It declares God sufficient for the Prophet and the believers who follow him, directly supporting reliance under threat.	focus_42_36_cutoff_100.tsv	168	2f71328b8613a16b8ad575846399079cf85459b161f45774ab2da6fe06c34d96
directional_review	42:36	10:107	medium	medium	42:36	10:107	10:107	cross_surah	label_target_note	missing_ayah_suggestion	It locates removal of harm and reception of good solely in God's power, grounding the practical logic of reliance.	focus_42_36_cutoff_100.tsv	169	7c33eb421e5846ca8db906c8b0f3838205f14b253a645c73a7b085557bcb8baa
directional_review	42:36	12:64	strong	strong	42:36	12:64	12:64	cross_surah	label_target_note	missing_ayah_suggestion	Jacob calls God the best guardian and most merciful of those who show mercy while weighing a risky practical decision.	focus_42_36_cutoff_100.tsv	170	bdb023c12d6472804da1120f89698d1121ff61658dbea124435bfeb7225c4dcf
directional_review	42:36	23:33	medium	medium	42:36	23:33	23:33	cross_surah	label_target_note	missing_ayah_suggestion	It records the materialist claim that life is only worldly dying and living, an outlook the focus directly refuses.	focus_42_36_cutoff_100.tsv	171	7106d0f582f0bcf3ae198117bf375801d38e75981c2438c93b28b493450fe545
directional_review	42:36	39:36	strong	strong	42:36	39:36	39:36	cross_surah	label_target_note	missing_ayah_suggestion	It asks whether God is not sufficient for His servant, directly articulating the sufficiency assumed by reliance.	focus_42_36_cutoff_100.tsv	172	91921976d3a76584765dbc50e69a561dd30cd433376b2d60da93e89dc9ce67c5
directional_review	42:36	42:48	medium	medium	42:36	42:48	42:48	same_surah	label_target_note	missing_ayah_suggestion	It limits the messenger's duty to conveyance when people turn away, reinforcing trust without withdrawal from the assigned task.	focus_42_36_cutoff_100.tsv	173	e218b86653c20ba7c8023ee91d8ff2ab889058490de9cd58a0daa1109487a077
reciprocal_nomination	42:36	2:61		strong	2:61	42:36	42:36	cross_surah	label_target_note	ranked_review	Worldly goods are real but temporary, while what is with God is better and lasting.	focus_2_61_cutoff_100.tsv	98	5ca9175ba73b9e2734a2359e4d93afa70068419cef0b537fdc404f6f6d3fc476
reciprocal_nomination	42:36	2:86		medium	2:86	42:36	42:36	cross_surah	label_target_note	missing_ayah_suggestion	Calls what is given in worldly life enjoyment, against what remains with Allah.	focus_2_86_cutoff_100.tsv	133	c48c810a2fe7ef20d217d65789033ab154c03c3b76795228f444cfd11bbd0c4d
reciprocal_nomination	42:36	2:103		medium	2:103	42:36	42:36	cross_surah	label_target_note	ranked_review	Contrasts transient worldly provision with what is better and lasting with God.	focus_2_103_cutoff_100.tsv	19	0feb914f848af7e4e2b2ec6314aeb938f158e1585f6c0912b094ad99310d08dd
reciprocal_nomination	42:36	2:200		strong	2:200	42:36	42:36	cross_surah	label_target_note	missing_ayah_suggestion	Calls worldly provision temporary and what is with Allah better and more lasting.	focus_2_200_cutoff_100.tsv	198	be332fe78f45ee6cd6650d787f18cf5b4e90f7ce01dfd4e5436f98c4cd6a3874
reciprocal_nomination	42:36	2:212		strong	2:212	42:36	42:36	cross_surah	label_target_note	ranked_review	Defines worldly possessions as temporary enjoyment and what is with God as better and more enduring.	focus_2_212_cutoff_100.tsv	89	f59e8741651694e15ec581a7b0abf95005c01365d8d051491a6ea900be39b863
reciprocal_nomination	42:36	2:240		weak	2:240	42:36	42:36	cross_surah	label_target_note	ranked_review	Matāʿ as worldly provision only gives a broad lexical contrast.	focus_2_240_cutoff_100.tsv	94	452702946ca738eafe64488a675c8c1825af24472c79532505ab88949e5a08f9
reciprocal_nomination	42:36	3:14		strong	3:14	42:36	42:36	cross_surah	label_target_note	missing_ayah_suggestion	Calls whatever is given worldly enjoyment, while what is with God is better and more lasting.	focus_3_14_cutoff_100.tsv	164	dc5dbfa1bfa6c83c20347c1b5070d060a2572ed6ed81d10e654e397955da5fa0
reciprocal_nomination	42:36	3:15		strong	3:15	42:36	42:36	cross_surah	label_target_note	ranked_review	Contrasts worldly enjoyment with what is better and more enduring with God.	focus_3_15_cutoff_100.tsv	37	5a68382ae44b537734565b05cbffd4e8aad9bc1f4017cd0b926979b0e1b8b029
reciprocal_counterevidence	42:36	3:73		no value	3:73	42:36	42:36	cross_surah	label_target_note	ranked_review	The relative worth of what is with God is not a close connection.	focus_3_73_cutoff_100.tsv	61	f4c4b44ce8552387d209b7153d1bdff77ca5f473cba9962a9f45ea5e22fc9d9a
reciprocal_nomination	42:36	3:122		weak	3:122	42:36	42:36	cross_surah	label_target_note	ranked_review	Reliance is listed among believers whose enduring reward is with God, but is now general and redundant.	focus_3_122_cutoff_100.tsv	58	9ddb326fa619728fa4f65be0b094abcd78ae3bae03e7fb04044283ef4d3a4c8e
reciprocal_nomination	42:36	3:185		medium	3:185	42:36	42:36	cross_surah	label_target_note	missing_ayah_suggestion	Explicitly limits worldly possessions to temporary enjoyment.	focus_3_185_cutoff_100.tsv	167	c79c496ad9448563edc7858e9fd55db70a2168a7c1418307bd54ab368e09720d
reciprocal_nomination	42:36	3:196		strong	3:196	42:36	42:36	cross_surah	label_target_note	missing_ayah_suggestion	Whatever is given is worldly enjoyment; what is with Allah is better and more lasting for believers who rely on Him.	focus_3_196_cutoff_100.tsv	137	16ffd8793040c6b02213fd400ab93fe38a84a86aec36f7d0d870800b8f4917ad
reciprocal_nomination	42:36	3:197		strong	3:197	42:36	42:36	cross_surah	label_target_note	ranked_review	Shares the worldly-life enjoyment contrast construction; package catalog is strong.	focus_3_197_cutoff_100.tsv	77	c7ca13f5f6a8534ed1de2a3f94ee1ef8dac10b886ceb1687701b90307dc5ee57
reciprocal_nomination	42:36	3:198		medium	3:198	42:36	42:36	cross_surah	label_target_note	ranked_review	Its contrast between worldly enjoyment and what is better and more lasting with God supports the focus's valuation.	focus_3_198_cutoff_100.tsv	28	9c5a0b0115c7821f6f75154f4713cc752d1c6b1ab4015f0780d05de823c96fe3
reciprocal_nomination	42:36	4:77		strong	4:77	42:36	42:36	cross_surah	label_target_note	ranked_review	Directly treats worldly possessions as temporary enjoyment and contrasts them with what is better and more enduring.	focus_4_77_cutoff_100.tsv	15	30b6bdfc272255aa59d3325d94db37c015676bff48beeec3f41675426cdbf128
reciprocal_counterevidence	42:36	4:80		no value	4:80	42:36	42:36	cross_surah	label_target_note	ranked_review	Does not address the messenger or the focal response boundary.	focus_4_80_cutoff_100.tsv	72	c40970c212aa869335549bfeecd2e4ea044fb64b71b808de64d7a0c6a83d498d
reciprocal_nomination	42:36	4:132		medium	4:132	42:36	42:36	cross_surah	label_target_note	missing_ayah_suggestion	Reliance characterizes believers when worldly provision is relativized.	focus_4_132_cutoff_100.tsv	143	c5f2d8a16ce9e634ec5bf8bea879f7a219f81e5eaa4a66790d4261e17437818b
reciprocal_nomination	42:36	4:134		strong	4:134	42:36	42:36	cross_surah	label_target_note	ranked_review	Directly contrasts temporary worldly enjoyment with what is better and enduring with Allah.	focus_4_134_cutoff_100.tsv	82	d9b032211d71a629fc7fea4dcd0d5bc1c3a07e7ccd437c0e3ab7fc075e4cca3d
reciprocal_nomination	42:36	5:11		medium	5:11	42:36	42:36	cross_surah	label_target_note	ranked_review	Adds reliance as an orientation amid ongoing communal action.	focus_5_11_cutoff_100.tsv	6	3e73d335cd7633d671c12a150cda51db73fcde084ea8a090efaba4ac1fa781eb
reciprocal_nomination	42:36	5:23		medium	5:23	42:36	42:36	cross_surah	label_target_note	ranked_review	Keeps reliance on Allah alongside deliberation, giving, and measured defense.	focus_5_23_cutoff_100.tsv	9	239be9f3d6888068fe22da4970a94c43fe915da77034c234c99fa01460d18f21
reciprocal_counterevidence	42:36	5:96		no value	5:96	42:36	42:36	cross_surah	label_target_note	ranked_review	Worldly mata is already represented by earlier, more informative contrast cards.	focus_5_96_cutoff_100.tsv	100	d54d2b9848924aa9aaa1ffe83f7d00588017744d9b9054cf1ac4ebdacb668a29
reciprocal_counterevidence	42:36	5:99		no value	5:99	42:36	42:36	cross_surah	label_target_note	ranked_review	The channel relation concerns repair and pardon rather than the focus.	focus_5_99_cutoff_100.tsv	65	e72b42f53bdf2d65f7e0cce1744de1ca44e9f37b361dd501aed8f5b83526ec88
reciprocal_nomination	42:36	5:100		medium	5:100	42:36	42:36	cross_surah	label_target_note	missing_ayah_suggestion	Places worldly gifts under temporary enjoyment and contrasts what remains with Allah.	focus_5_100_cutoff_100.tsv	162	511fee17948f10bdc621cf59a8c12c1433b0bc6fe3a75d976cc6dc56c7c2e193
reciprocal_nomination	42:36	5:101		weak	5:101	42:36	42:36	cross_surah	label_target_note	ranked_review	Remote pardon-channel resonance without a matching issue.	focus_5_101_cutoff_100.tsv	56	8a734d24a13f6e6d1d8014f9956314accfc1b27606d72fb240e80a1833dc7bef
reciprocal_nomination	42:36	5:102		weak	5:102	42:36	42:36	cross_surah	label_target_note	ranked_review	The repair-and-pardon channel is only an indirect surrounding parallel.	focus_5_102_cutoff_100.tsv	68	b95a708889241bed09859246718df366787b12c8fae7cbc0a4e821ed81aa51d4
reciprocal_nomination	42:36	6:32		medium	6:32	42:36	42:36	cross_surah	label_target_note	ranked_review	Reinforces the temporary-versus-enduring comparison, now with faith and reliance.	focus_6_32_cutoff_100.tsv	16	3ee1bdaf3ae29cc925a008a349ca35c4c0f0171a606dafb40e329c75156d4972
reciprocal_nomination	42:36	7:152		weak	7:152	42:36	42:36	cross_surah	label_target_note	ranked_review	Worldly provision is transient; it provides only a broad dunya contrast.	focus_7_152_cutoff_100.tsv	43	09680153e93da357c96d2a1ca046135ca213e8f88fdc18db16049f3b28bf21d6
reciprocal_nomination	42:36	8:2		medium	8:2	42:36	42:36	cross_surah	label_target_note	ranked_review	Reiterates reliance while contrasting transient goods with what endures.	focus_8_2_cutoff_100.tsv	40	0f49fb99f6aac015ec0b9fc16061af22f2c3daf976c6c10c30e407ece305e7d7
reciprocal_nomination	42:36	8:62		medium	8:62	42:36	42:36	cross_surah	label_target_note	missing_ayah_suggestion	Reiterates reliance as the disposition of believers.	focus_8_62_cutoff_100.tsv	163	259605b2b154153d7df9d1bd5ed440b29f33da43b482e8f71b37c3a01c812a1d
reciprocal_nomination	42:36	8:64		medium	8:64	42:36	42:36	cross_surah	label_target_note	missing_ayah_suggestion	Contrasts worldly possession with what remains for those who rely on God.	focus_8_64_cutoff_100.tsv	132	5b2c6d4ef6157ddc46761dd3e8fd4140922911f1d6fe636930dcc31a82a68936
reciprocal_nomination	42:36	8:67		medium	8:67	42:36	42:36	cross_surah	label_target_note	missing_ayah_suggestion	Classifies worldly possession as temporary beside what remains with God.	focus_8_67_cutoff_100.tsv	184	cb92b02bfef72946e11fbb6409ff7c7ba801fc000525c8a9a7f0580f11828062
reciprocal_nomination	42:36	9:51		medium	9:51	42:36	42:36	cross_surah	label_target_note	ranked_review	Places tawakkul beside the transience of worldly gain, adding a value horizon.	focus_9_51_cutoff_100.tsv	51	77f63f6a9ddeaa7a924cbc25156cdccc141d700f7f15fba0eb8a34a9747fa064
reciprocal_nomination	42:36	9:53		medium	9:53	42:36	42:36	cross_surah	label_target_note	missing_ayah_suggestion	Relativizes worldly goods before what remains with Allah, qualifying attachment to wealth.	focus_9_53_cutoff_100.tsv	186	41439fe20b8231c6bb3b0ff5eae399d37e317f52a77020144570bf4b305201bb
reciprocal_nomination	42:36	10:7		strong	10:7	42:36	42:36	cross_surah	label_target_note	ranked_review	Defines worldly possessions as temporary against what is better and enduring with God.	focus_10_7_cutoff_100.tsv	92	bbfbbfac9525adcf3e55762403d0f4e7995eccbeee215490c87b0003bb1f914d
reciprocal_nomination	42:36	10:23		strong	10:23	42:36	42:36	cross_surah	label_target_note	missing_ayah_suggestion	Directly contrasts worldly provision with what is better and more lasting.	focus_10_23_cutoff_100.tsv	166	6ea4df3bfccaf13e32def934dbbb8c76bb1d63cb98fbc8a5330c8fe5e43df7ef
reciprocal_nomination	42:36	10:58		strong	10:58	42:36	42:36	cross_surah	label_target_note	missing_ayah_suggestion	Worldly gifts are called temporary enjoyment while what is with God is better and more enduring.	focus_10_58_cutoff_100.tsv	138	1b4ee7c56acb13f54ec72af736a610a8b81c2da214110bf123a6144763475eb1
reciprocal_nomination	42:36	10:70		medium	10:70	42:36	42:36	cross_surah	label_target_note	missing_ayah_suggestion	Adds all received things as fleeting worldly enjoyment against what remains with God.	focus_10_70_cutoff_100.tsv	142	98e356595d09e70fabb29ac9d474ddd8158611e34e91c395500c3ff69c3122ea
reciprocal_nomination	42:36	10:71		medium	10:71	42:36	42:36	cross_surah	label_target_note	ranked_review	It reinforces tawakkul as a settled orientation amid worldly pressures, without the focus's exposure challenge.	focus_10_71_cutoff_100.tsv	21	1c1863b2432428f5d2c64a43a2c07b3d01affbeb3b7d7c214b49fef5926bfa34
reciprocal_nomination	42:36	10:84		medium	10:84	42:36	42:36	cross_surah	label_target_note	ranked_review	Explicit tawakkul adds a broader account of reliance alongside worldly action, though it repeats the core.	focus_10_84_cutoff_100.tsv	27	aa663982267fad5b9ae009a710892864ea342e2b6d26253209f3b7b4892fba8e
reciprocal_nomination	42:36	10:85		medium	10:85	42:36	42:36	cross_surah	label_target_note	ranked_review	Locates tawakkul amid sustained communal action rather than withdrawal.	focus_10_85_cutoff_100.tsv	30	f990acf3d2e650c49625f191c78c235ff63912c39fb38667ccc59b59d2d6fd28
reciprocal_nomination	42:36	11:11		strong	11:11	42:36	42:36	cross_surah	label_target_note	missing_ayah_suggestion	Contrasts transient worldly possession with what remains for iman, tawakkul, and forgiveness.	focus_11_11_cutoff_100.tsv	135	44278609e4f25cd40e3ae34f8bf94ae8a2ee088f255cf3ac5d665e36b410fbb9
reciprocal_counterevidence	42:36	11:83		no value	11:83	42:36	42:36	cross_surah	label_target_note	ranked_review	Only shares broad source language.	focus_11_83_cutoff_100.tsv	86	ac8e2b0e4ebd166901012a3ce078f603f7636ca172a67e8d1c8e63cafda2b05e
reciprocal_nomination	42:36	11:86		medium	11:86	42:36	42:36	cross_surah	label_target_note	ranked_review	Repeats the worldly-versus-enduring contrast, but is redundant after 28:60.	focus_11_86_cutoff_100.tsv	79	13eaa31cb655b925fde628df89aa2e589e8cf9295caee3dae0968a82c698702c
reciprocal_counterevidence	42:36	11:101		no value	11:101	42:36	42:36	cross_surah	label_target_note	ranked_review	The contrast of worldly provision and what is with God is not specific enough.	focus_11_101_cutoff_100.tsv	88	3f41862e436c9a2a546a9000851c95b4c7f23acb8f3f9d27e525758f743cb2d3
reciprocal_nomination	42:36	12:57		medium	12:57	42:36	42:36	cross_surah	label_target_note	ranked_review	Dünya verisinin geçici, Allah katındakinin daha hayırlı ve kalıcı olduğunu iman ve tevekkülle bağlar.	focus_12_57_cutoff_100.tsv	16	778c169012a861bb97fb69425275ad002c146d1af8fb1c6795f3807f629b148b
reciprocal_nomination	42:36	12:67		medium	12:67	42:36	42:36	cross_surah	label_target_note	missing_ayah_suggestion	Allah katındakinin kalıcılığını Rablerine tevekkül edenlerle bağlar.	focus_12_67_cutoff_100.tsv	132	f51ebb34394c4c29a0862ff85a2477b8825b26c523c0f619f016097c740ee054
reciprocal_nomination	42:36	13:26		strong	13:26	42:36	42:36	cross_surah	label_target_note	ranked_review	Nearly restates the focus's received-things-as-worldly-use contrast with what is better and more enduring.	focus_13_26_cutoff_100.tsv	64	0fbd8cc839c0523397de6a510861185ad2f5f046e7f303f0aeebd18465795c2e
reciprocal_nomination	42:36	13:30		strong	13:30	42:36	42:36	cross_surah	label_target_note	ranked_review	Pairs reliance with preferring what endures with God over passing provision.	focus_13_30_cutoff_100.tsv	69	1edf66ddd2390a0cbbfb82ee9147fb99f3fb0128178067a63954355ce33ced9e
reciprocal_nomination	42:36	14:12		strong	14:12	42:36	42:36	cross_surah	label_target_note	missing_ayah_suggestion	Defines believers by tawakkul amid the contrast between transient provision and what remains with Allah.	focus_14_12_cutoff_100.tsv	117	a0642d53a14e320ef71dadb98e4c6f26684903902d57bbbb84c8a7f61324aaeb
reciprocal_nomination	42:36	15:88		medium	15:88	42:36	42:36	cross_surah	label_target_note	missing_ayah_suggestion	Likewise qualifies worldly enjoyment as temporary in relation to what is with God.	focus_15_88_cutoff_100.tsv	153	94f3e0701b8936ae2a0660087fdc5345e8ae8d426670e2a7eff0cbd7ed7dcdcd
reciprocal_nomination	42:36	16:30		medium	16:30	42:36	42:36	cross_surah	label_target_note	ranked_review	Explicitly contrasts worldly provision with what is better and more enduring with God.	focus_16_30_cutoff_100.tsv	81	71887824d4f9b944c5e8a578864ba59be03335d08263c5da4c7a6c2d374f4532
reciprocal_nomination	42:36	16:42		medium	16:42	42:36	42:36	cross_surah	label_target_note	ranked_review	Keeps reliance compatible with consultation, spending, and measured defense rather than replacing action.	focus_16_42_cutoff_100.tsv	16	5923ffc88189c87387c57042bc82f0f0bf11fa70adc1057201983e0522cbe2e8
reciprocal_nomination	42:36	16:55		strong	16:55	42:36	42:36	cross_surah	label_target_note	ranked_review	Defines received things as worldly provision rather than the enduring good.	focus_16_55_cutoff_100.tsv	70	a886e2b8a65dccdb9860daeb66d30dd350a8ce756916e964083b2751f23ceaaf
reciprocal_nomination	42:36	16:96		strong	16:96	42:36	42:36	cross_surah	label_target_note	ranked_review	Dünya metası ile Allah katında daha hayırlı ve baki olanı doğrudan karşılaştırır.	focus_16_96_cutoff_100.tsv	16	2bfc6fb5e0431831d8c8f56e384898ff3da1d1f8e707a384d0d8934ccd745694
reciprocal_nomination	42:36	16:99		strong	16:99	42:36	42:36	cross_surah	label_target_note	ranked_review	Reliance directs ultimate dependence while action and communal response continue.	focus_16_99_cutoff_100.tsv	19	cbac6b1e19d4a02a4f4386073de1d680d17c996407ea14c943059d2820315c73
reciprocal_nomination	42:36	16:107		medium	16:107	42:36	42:36	cross_surah	label_target_note	missing_ayah_suggestion	Dunyada verilenlerin gecici meta, Allah katindakinin daha hayirli ve kalici olmasi paralel olcu sunar.	focus_16_107_cutoff_100.tsv	153	52a0c71c54d204e68691cdd62383ee67b45bcd5f58f1651bd9200b29e13c2393
reciprocal_nomination	42:36	16:117		strong	16:117	42:36	42:36	cross_surah	label_target_note	missing_ayah_suggestion	Worldly acquisition is متاع; what remains with Allah is better.	focus_16_117_cutoff_100.tsv	124	ac885f4dfd791c9de0025e1ac1ac0fcc2fc0d5ed3d87def00a3d3453789bdb15
reciprocal_nomination	42:36	17:21		strong	17:21	42:36	42:36	cross_surah	label_target_note	missing_ayah_suggestion	Directly subordinates worldly possession to what remains with God for trust and reliance.	focus_17_21_cutoff_100.tsv	158	2aeed37cf9b285a9b8b2a0203c42442b34ea1dc12be004c2c7e8ba764a4666f4
reciprocal_nomination	42:36	17:65		medium	17:65	42:36	42:36	cross_surah	label_target_note	ranked_review	Tevekkulun toplumsal eylemle birlikte yurutuldugunu gostererek edilgenlik okumalarini sinirlar.	focus_17_65_cutoff_100.tsv	24	0df32bde7440250bf069e5f27c577a401407d60e17eefcf4c992a97504532dce
reciprocal_nomination	42:36	17:85		weak	17:85	42:36	42:36	cross_surah	label_target_note	ranked_review	Its contrast between worldly gift and what remains with God is only a broad given-versus-divine parallel.	focus_17_85_cutoff_100.tsv	49	75a078f59d3e58e2ea459816d79131757469110e32ec81b752b2efc66c244775
reciprocal_nomination	42:36	18:35		strong	18:35	42:36	42:36	cross_surah	label_target_note	missing_ayah_suggestion	Whatever people receive is only enjoyment of worldly life, whereas what is with God is better and more lasting.	focus_18_35_cutoff_100.tsv	143	8a765ae59bfe2fbfd4e87ea1bf0b07741ddee9a67af5a38ccac6680f6af19c37
reciprocal_nomination	42:36	18:45		strong	18:45	42:36	42:36	cross_surah	label_target_note	missing_ayah_suggestion	What is with God is better and more lasting than the enjoyment of worldly life.	focus_18_45_cutoff_100.tsv	111	b0144f4450096497ff7dba05a31ea1a91e7cbf6922c4d12b4880ebca8827868c
reciprocal_nomination	42:36	18:46		strong	18:46	42:36	42:36	cross_surah	label_target_note	ranked_review	Contrasts the temporary enjoyment of worldly gifts with what is better and more enduring with God.	focus_18_46_cutoff_100.tsv	4	03544115e3e2e8363d6196fc5171af18a26b41c2a761988605c44ee985128eb0
reciprocal_nomination	42:36	19:76		strong	19:76	42:36	42:36	cross_surah	label_target_note	ranked_review	What is with God is better and more lasting than worldly enjoyment, directly echoing the focus.	focus_19_76_cutoff_100.tsv	16	f3e41245a459129c10cf1135ecf24a3192d88a504ecd99185a22a22fb72e968e
reciprocal_nomination	42:36	20:71		medium	20:71	42:36	42:36	cross_surah	label_target_note	ranked_review	The temporary nature of worldly goods against what is better and lasting reinforces the magicians' rejection of Pharaoh's temporal power.	focus_20_71_cutoff_100.tsv	76	766734dafb1d1d5cb0fb4bc95775443ad273283f65aea0a2651b09d2a78e9161
reciprocal_nomination	42:36	20:73		strong	20:73	42:36	42:36	cross_surah	label_target_note	ranked_review	It repeats the precise contrast between worldly goods and what is with Allah as better and more enduring for believers.	focus_20_73_cutoff_100.tsv	25	b3155d9b80069ba17c5b456bfcc8acb185b3f2dfc23a2c7c67047faa661f0b40
reciprocal_nomination	42:36	20:127		medium	20:127	42:36	42:36	cross_surah	label_target_note	ranked_review	It again contrasts temporary worldly goods with what is better and more enduring for believers, though the theme is now redundant.	focus_20_127_cutoff_100.tsv	63	9e077915f8f10da825ff5fc7ce737c925896639d55eaabf4a62b5ee1804b2833
reciprocal_nomination	42:36	20:131		strong	20:131	42:36	42:36	cross_surah	label_target_note	ranked_review	It presents worldly gifts as temporary enjoyment and contrasts them with what is better and more lasting with God.	focus_20_131_cutoff_100.tsv	7	e7e2cf6c35ec22e7df38e8f956741ef98f8a6e2f93553f8a128c914118e92352
reciprocal_counterevidence	42:36	22:60		no value	22:60	42:36	42:36	cross_surah	label_target_note	ranked_review	The transience of worldly provision does not clarify the focus's redress or forgiveness themes.	focus_22_60_cutoff_100.tsv	53	8f02b58f996a9237dd9fa8aa355ef7e65f670f2c8af3b57f8e2ab2861240ec13
reciprocal_nomination	42:36	25:58		medium	25:58	42:36	42:36	cross_surah	label_target_note	ranked_review	It portrays believers as relying on their Lord rather than transient worldly provision, adding an outcome-oriented trust context.	focus_25_58_cutoff_100.tsv	9	66d9cb3ac9a978e2da9dd0f08baae71489a26dfa7d48267d78fb291fe9cd2081
reciprocal_nomination	42:36	26:81		medium	26:81	42:36	42:36	cross_surah	label_target_note	ranked_review	Dünya hayatının geçici, Allah katındakinin daha iyi ve kalıcı oluşu ölüm ötesi değer ufkunu destekler.	focus_26_81_cutoff_100.tsv	86	97692c4b9d2ea1a09cf25bd53eb0d5dafc8e4cf2691aa7c159fadecd1295f2f4
reciprocal_nomination	42:36	26:82		weak	26:82	42:36	42:36	cross_surah	label_target_note	ranked_review	Kalıcı ilahî karşılığı anması genel kalır; bağışlanma ve kişisel hata işlemez.	focus_26_82_cutoff_100.tsv	86	aa9c661bef4f85bf8d29f093bccc671fbf07e87902663d4524cb800b1f46a14f
reciprocal_nomination	42:36	26:205		medium	26:205	42:36	42:36	cross_surah	label_target_note	missing_ayah_suggestion	What is given is worldly enjoyment, while what remains with God is better and more lasting.	focus_26_205_cutoff_100.tsv	144	ad23ef6be282841465183375dc1dce164001230701b6e5b53eb7a413d46dde15
reciprocal_nomination	42:36	26:217		medium	26:217	42:36	42:36	cross_surah	label_target_note	ranked_review	Reliance on the Lord amid the transience of worldly provision gives a distinct motive for tawakkul.	focus_26_217_cutoff_100.tsv	54	9c0dfb64d8d7e17c75df76d8d9a0af0bb20c8684b397b47481edd7355596dea2
reciprocal_nomination	42:36	27:36		strong	27:36	42:36	42:36	cross_surah	label_target_note	ranked_review	Verilen dünyevi şeyin geçici, Allah katındakinin daha hayırlı oluşu, 27:36'nın "bana verilen daha hayırlıdır" hükmünü açıklar.	focus_27_36_cutoff_100.tsv	25	d3efc0857d8a49f6ee89ecd90a1b9dadbcb19103b2c6bd94571b0544e9b8c999
reciprocal_nomination	42:36	27:78		strong	27:78	42:36	42:36	cross_surah	label_target_note	missing_ayah_suggestion	It assigns judgment to God alone and grounds reliance in His enduring authority.	focus_27_78_cutoff_100.tsv	133	f85a4cc9b2686592808342b91663b140bfcbbe943655e7279ae3d1d3885d856c
reciprocal_nomination	42:36	27:79		medium	27:79	42:36	42:36	cross_surah	label_target_note	ranked_review	Believers rely on their Lord while valuing what endures, a broader reliance context.	focus_27_79_cutoff_100.tsv	12	fc75f757e96e4b89ce5d73cccf266532d6bf33f2e0d6905710e391e43274bf13
reciprocal_nomination	42:36	28:60		strong	28:60	42:36	42:36	cross_surah	label_target_note	ranked_review	It nearly repeats the focus verse: worldly gifts are temporary enjoyment while what is with God is better and more enduring.	focus_28_60_cutoff_100.tsv	1	283b91ea82c1862941d8a2ab3073718d3d19079c9befe032b3c9b839ab7b995f
reciprocal_nomination	42:36	28:61		strong	28:61	42:36	42:36	cross_surah	label_target_note	missing_ayah_suggestion	Whatever is given is worldly enjoyment, while what is with God is better and more enduring for believers.	focus_28_61_cutoff_100.tsv	125	b326bbafa366a205a658b183f3a681d77fb2d0bec9535f05ccd772ad75d60b36
reciprocal_nomination	42:36	29:59		strong	29:59	42:36	42:36	cross_surah	label_target_note	ranked_review	It again defines believers through reliance on their Lord and relativizes temporary worldly goods.	focus_29_59_cutoff_100.tsv	16	e7e0f80d6e2bedd9a70f7c878c47ffeede8f823482562cf0e396787d5a6012f8
reciprocal_nomination	42:36	29:64		strong	29:64	42:36	42:36	cross_surah	label_target_note	missing_ayah_suggestion	What is given in this world is temporary enjoyment, while what is with God is better and more lasting.	focus_29_64_cutoff_100.tsv	132	8fecb016d926592b6aa9358f533e22df1a557d50ad393be6b5ca4a3f014100d5
reciprocal_nomination	42:36	33:1		medium	33:1	42:36	42:36	cross_surah	label_target_note	ranked_review	Connects believers' reliance on their Lord with a value scale beyond transient worldly gain.	focus_33_1_cutoff_100.tsv	68	20b222746303908c93b1b792fa0b63679e47e14e60f7bb6e9c4d52cf949871c7
reciprocal_nomination	42:36	33:3		medium	33:3	42:36	42:36	cross_surah	label_target_note	missing_ayah_suggestion	Believers are characterized by reliance on their Lord alongside forgiveness and consultation.	focus_33_3_cutoff_100.tsv	115	eeb833a7b80bd2d6a9dc1bfa014e21f07b694da730d27c2329b19f6835455be1
reciprocal_nomination	42:36	33:28		medium	33:28	42:36	42:36	cross_surah	label_target_note	ranked_review	It again defines all received things as worldly benefit and contrasts what is better and more lasting with God.	focus_33_28_cutoff_100.tsv	63	0f4c9734c46ca9fcf7595e82fd79f2e55c5df2bb3fc7f1b52ba14517d1782722
reciprocal_nomination	42:36	36:27		weak	36:27	42:36	42:36	cross_surah	label_target_note	ranked_review	What endures with God is better than worldly goods, a broad reward contrast.	focus_36_27_cutoff_100.tsv	86	17fa8485dae284883d6dfc1a562d6a63dda83274d3b3c322f587ff335162e67b
reciprocal_counterevidence	42:36	37:1		no value	37:1	42:36	42:36	cross_surah	label_target_note	ranked_review	The contrast between worldly provision and what is with God does not clarify ordered ranks.	focus_37_1_cutoff_100.tsv	99	a3724b8038f1bb34c0a36b7aa67838ec0d44d2ae2320ceb1a2a51f9b4993349d
reciprocal_nomination	42:36	37:148		strong	37:148	42:36	42:36	cross_surah	label_target_note	ranked_review	Earthly goods are temporary enjoyment, while lasting good is for believers who rely on their Lord.	focus_37_148_cutoff_100.tsv	55	bc397ab28d87a0e27f185eccae714887ccb29a340df967a6fb170d9ee7bf7e0f
reciprocal_nomination	42:36	39:34		medium	39:34	42:36	42:36	cross_surah	label_target_note	ranked_review	It contrasts temporary worldly goods with what is better and more lasting with God.	focus_39_34_cutoff_100.tsv	40	b5b9e9fee18e00d8f1c6fa78b8523916f2ad63960416eb6058169a10f0065e2a
reciprocal_nomination	42:36	39:62		weak	39:62	42:36	42:36	cross_surah	label_target_note	ranked_review	Tevekkül, dünya malının sınırlılığı içinde nihai bağımlılığı Allah'a yöneltir.	focus_39_62_cutoff_100.tsv	3	6d5ea3536e54926804901d8dd7d80544c09d2cf75b5d06c455398ac97a6f200d
reciprocal_nomination	42:36	40:39		strong	40:39	42:36	42:36	cross_surah	label_target_note	missing_ayah_suggestion	Worldly possessions are enjoyment; what is with God is better and more lasting.	focus_40_39_cutoff_100.tsv	165	73c595d89ecf24d90d56d6b3ab65fb282a1c3d318b9bdadb4536d068804a50b1
reciprocal_counterevidence	42:36	42:3		no value	42:3	42:36	42:36	same_surah	label_target_note	ranked_review	The contrast between worldly provision and what is with God does not address revelation.	focus_42_3_cutoff_100.tsv	68	cd796308359e1826b04f46def78e760133aca2dd5c71e71b18c69937ce1407f8
reciprocal_nomination	42:36	42:9		weak	42:9	42:36	42:36	same_surah	label_target_note	ranked_review	The contrast between worldly life and what endures with Allah supports reliance on Him indirectly.	focus_42_9_cutoff_100.tsv	59	726adb3b37cc83dcb7e2a70b97e71f8b95151961d3f96d5b189934d4765555ec
reciprocal_nomination	42:36	42:10		strong	42:10	42:36	42:36	same_surah	label_target_note	ranked_review	In the same surah, reliance on the Lord frames a lived ethical community rather than passive withdrawal.	focus_42_10_cutoff_100.tsv	27	eefb708dcc2e6b8daa6788422a3f01def2f7782c1b1916a125395bb99ae0634d
reciprocal_counterevidence	42:36	42:16		no value	42:16	42:36	42:36	same_surah	label_target_note	ranked_review	Its contrast between worldly provision and enduring good does not clarify the focus's contention.	focus_42_16_cutoff_100.tsv	17	a52dfd88af36ecf72e2124ae680f7a4d73cc0c7e3d7c53d2b5c25705e2417ea0
reciprocal_nomination	42:36	42:20		strong	42:20	42:36	42:36	same_surah	label_target_note	missing_ayah_suggestion	What is given is worldly enjoyment, while what is with God is better and more enduring for believers.	focus_42_20_cutoff_100.tsv	154	714f4d575eb4772624d6438b0659bddcd591d4c9d6fa1190b5aa6c9a79a28202
reciprocal_counterevidence	42:36	42:25		no value	42:25	42:36	42:36	same_surah	label_target_note	ranked_review	The contrast between worldly goods and what is with Allah does not add to the focus's three claims.	focus_42_25_cutoff_100.tsv	59	0e7e7f7c97e3307c3b0a3d833bc2857f25ed01a0e30c85e99a887a021f6f9c76
reciprocal_nomination	42:36	42:26		weak	42:26	42:36	42:36	same_surah	label_target_note	ranked_review	Its enduring good for believers who rely on their Lord is a related outcome but adds neither response nor increase.	focus_42_26_cutoff_100.tsv	8	693623ef46baed47ba322420f5ed1daf41c3e65281241146314e701bd8a45aa7
reciprocal_nomination	42:36	42:27		medium	42:27	42:36	42:36	same_surah	label_target_note	missing_ayah_suggestion	Names worldly possessions as temporary enjoyment and contrasts them with what remains with God.	focus_42_27_cutoff_100.tsv	131	f6bedae0a0c5bc60a6491aa70992ca0773a95c5aed1f95504995dfb57f1d6881
reciprocal_counterevidence	42:36	42:29		no value	42:29	42:36	42:36	same_surah	label_target_note	ranked_review	Dünya geçimliği ile kalıcı karşılığı ayırması, odaktaki yaratılış ve toplamaya belirgin bir unsur katmaz.	focus_42_29_cutoff_100.tsv	20	89711809104fb96cc4c6dc9bd31c6846e911410d9bbee3c650a54b6aad5ded18
reciprocal_nomination	42:36	42:30		weak	42:30	42:36	42:36	same_surah	label_target_note	ranked_review	Its contrast between worldly provision and what endures does not directly explain affliction or pardon.	focus_42_30_cutoff_100.tsv	26	c5d766345d658ebda2553cd84f17667d68baea89eb62d31c3cf336cf6b053c8b
reciprocal_nomination	42:36	42:31		weak	42:31	42:36	42:36	same_surah	label_target_note	ranked_review	Its contrast between worldly provision and what remains with God gives nearby trust context without developing the focus's warning.	focus_42_31_cutoff_100.tsv	14	7f3d6d7f9101f4e757c10094368c54beaa8b085f6a7fddb71481882b787cbca9
reciprocal_nomination	42:36	42:34		weak	42:34	42:36	42:36	same_surah	label_target_note	ranked_review	It contrasts transient worldly provision with what endures, only indirectly supporting the local sequence.	focus_42_34_cutoff_100.tsv	29	18777baea9213419bd2dd40a0e3a0ed7ff10d8091659e2b9be3d6799dc06d101
reciprocal_nomination	42:36	42:35		medium	42:35	42:36	42:36	same_surah	label_target_note	ranked_review	As a neighboring channel verse, it contrasts transient possession with what endures with God.	focus_42_35_cutoff_100.tsv	11	bf0dc18709fc253dbf255b2983d5768dfab94889536f97d61887190c95e8f366
reciprocal_nomination	42:36	42:37		medium	42:37	42:36	42:36	same_surah	label_target_note	ranked_review	The preceding contrast between worldly goods and enduring good frames the community traits that follow.	focus_42_37_cutoff_100.tsv	8	2a8c94f4e18ed5e41b9fd43afdabf4ee57e4d7159f841b704ad3d845593dd9ab
reciprocal_nomination	42:36	42:38		medium	42:38	42:36	42:36	same_surah	label_target_note	ranked_review	The immediately preceding contrast between fleeting possessions and what endures with God frames the believers described in the focus.	focus_42_38_cutoff_100.tsv	8	2559a9b19c3a52c4d6564e1894dcc71cf1bbc6c89d885f016f9c30f7197523cc
reciprocal_nomination	42:36	42:39		weak	42:39	42:36	42:36	same_surah	label_target_note	ranked_review	It begins the local portrait of believers whose qualities culminate in the focus.	focus_42_39_cutoff_100.tsv	41	b2f930ed26fe0f514be5715ac1047f40a944c9dbfdea571a5720a60fbe476583
reciprocal_nomination	42:36	42:40		medium	42:40	42:36	42:36	same_surah	label_target_note	ranked_review	Nearby channel context contrasts transient gain with the better enduring return.	focus_42_40_cutoff_100.tsv	35	8494887d1331ad981649dbd490a05d1c19b0ba652e24ddbbce12cc8ef6fc313b
reciprocal_nomination	42:36	42:41		weak	42:41	42:36	42:36	same_surah	label_target_note	ranked_review	Same local channel section, yet its contrast of worldly provision with lasting good adds little to the claim rule.	focus_42_41_cutoff_100.tsv	32	8cc1475fe7cea2b283156ee5b119ed92b79aaa48c5f248eb3e221aae6bfcec66
reciprocal_counterevidence	42:36	42:42		no value	42:42	42:36	42:36	same_surah	label_target_note	ranked_review	The local contrast between worldly provision and lasting good does not clarify wrongful conduct or redress.	focus_42_42_cutoff_100.tsv	41	73b50188082ce70477147f93baa80bd51a5329fb43597aff663cc9add1bad6e5
reciprocal_nomination	42:36	42:43		medium	42:43	42:36	42:36	same_surah	label_target_note	ranked_review	Its nearby contrast between worldly gain and the enduring divine reward supports the moral horizon of restraint only indirectly.	focus_42_43_cutoff_100.tsv	8	76f2b5b0f2ef6f659a2b739c29fefb3c67d5a87e9783576cdd485b0df2d26b14
reciprocal_nomination	42:36	42:47		weak	42:47	42:36	42:36	same_surah	label_target_note	ranked_review	Its contrast of transient worldly enjoyment with what endures with God supplies only a broad motive for timely response.	focus_42_47_cutoff_100.tsv	8	ddc4181dbbf043ec0974abf9d36c39cfe00320bd8515b4f994392b799fe66b17
reciprocal_nomination	42:36	43:35		strong	43:35	42:36	42:36	cross_surah	label_target_note	ranked_review	It closely states that every possession is worldly enjoyment while what is with God is better and more enduring.	focus_43_35_cutoff_100.tsv	6	b08e4c17d5916e8f92e8e994ee0fe96e7e8a3f65161ecc64c526198b203d59dc
reciprocal_nomination	42:36	46:20		strong	46:20	42:36	42:36	cross_surah	label_target_note	missing_ayah_suggestion	Contrasts worldly provision with what is better and more lasting, extending f02.	focus_46_20_cutoff_100.tsv	126	86b7baa12f80aaaa60e1597fe006a810eea25b9835b09eed45c478642656b58b
reciprocal_nomination	42:36	47:36		medium	47:36	42:36	42:36	cross_surah	label_target_note	missing_ayah_suggestion	Calls what people receive worldly enjoyment and what is with God better and more lasting.	focus_47_36_cutoff_100.tsv	139	5645140b4a8c01fc276498205ef98d73844ed906aedc0c057ee86ce08f5388c9
reciprocal_nomination	42:36	53:25		medium	53:25	42:36	42:36	cross_surah	label_target_note	missing_ayah_suggestion	Relativizes what is given in present life beside what remains with God.	focus_53_25_cutoff_100.tsv	146	f1d3cf7fa9881f6d43624b7bf668ab1d47f3f455a8cfd058c6d24af7804ed16d
reciprocal_nomination	42:36	53:51		medium	53:51	42:36	42:36	cross_surah	label_target_note	ranked_review	Provides a secondary contrast between temporary possession and endurance.	focus_53_51_cutoff_100.tsv	16	cc8558bad9c3907ec004e3ef08684882a4278414b59f7cc394b6e0a0dfde8aa6
reciprocal_nomination	42:36	55:27		strong	55:27	42:36	42:36	cross_surah	label_target_note	missing_ayah_suggestion	ما عند الله خير وأبقى is a direct enduring-versus-worldly frame.	focus_55_27_cutoff_100.tsv	102	d393c7db55c9c4f7b142a3febfc6dd9664c5f99337e1f70e9dbe499b476331bf
reciprocal_nomination	42:36	57:20		strong	57:20	42:36	42:36	cross_surah	label_target_note	missing_ayah_suggestion	Calls what is given mata al-hayah al-dunya and contrasts what remains with Allah.	focus_57_20_cutoff_100.tsv	144	b447089239a1c10e21b3b6f62c28872832c820f9ab76b4884f3c37defd96b85f
reciprocal_counterevidence	42:36	59:6		no value	59:6	42:36	42:36	cross_surah	label_target_note	ranked_review	Temporary worldly provision does not clarify the focus ayah's return mechanism.	focus_59_6_cutoff_100.tsv	64	8b1195e898a1ccf531cdf9fb17be23a0e2e94e49c3b86e7b8f0c94c36d339e28
reciprocal_nomination	42:36	62:11		strong	62:11	42:36	42:36	cross_surah	label_target_note	ranked_review	Directly contrasts temporary worldly enjoyment with what is better and lasting with Allah.	focus_62_11_cutoff_100.tsv	90	d6387dde190d471ca7ff217f4e0cad19236a360568d25ee27c24c6813568b3c1
reciprocal_nomination	42:36	64:13		medium	64:13	42:36	42:36	cross_surah	label_target_note	ranked_review	Places reliance beside enduring goods and communal action, though the active-duty point is already present.	focus_64_13_cutoff_100.tsv	42	21fc210cadac9bf925dc5e140d17f0e2d0ec0bb2f7c06a9d145c4fde08750b3c
reciprocal_nomination	42:36	64:15		weak	64:15	42:36	42:36	cross_surah	label_target_note	missing_ayah_suggestion	Calls what is given worldly enjoyment while what is with God is better and more lasting.	focus_64_15_cutoff_100.tsv	171	16d27543ddbd09f1654e055cb9b1a3df25240d72a7a26e07ad737fec7db15ec3
reciprocal_counterevidence	42:36	67:5		no value	67:5	42:36	42:36	cross_surah	label_target_note	ranked_review	Tail audit: no useful connection.	focus_67_5_cutoff_100.tsv	100	745ae1d3f1f50ef7d1dc91ca9efca09efa1c7d6e1ee7cee43dad34026ead5d45
reciprocal_nomination	42:36	67:29		strong	67:29	42:36	42:36	cross_surah	label_target_note	missing_ayah_suggestion	Directly identifies believers by reliance on their Lord.	focus_67_29_cutoff_100.tsv	131	0ee3663b83e3fefa73ea0d2575b399fa8a5000ea8f43561acddf5e8a088976ff
reciprocal_nomination	42:36	68:38		weak	68:38	42:36	42:36	cross_surah	label_target_note	ranked_review	Its channel relation is remote and does not establish the focus claim.	focus_68_38_cutoff_100.tsv	59	285f54ac8d14bbc00548b8bdcd42925cdbf5eb6c8580e2e98bdd3948f5f1af57
reciprocal_counterevidence	42:36	68:50		no value	68:50	42:36	42:36	cross_surah	label_target_note	ranked_review	No clear contribution to selection, restoration, or righteous placement.	focus_68_50_cutoff_100.tsv	89	d6986bcf1ac13a07282d1a2d790d1f0dee274f7c18ff2c6112578979b6dc67f8
reciprocal_nomination	42:36	69:28		medium	69:28	42:36	42:36	cross_surah	label_target_note	missing_ayah_suggestion	Treats worldly things as temporary enjoyment.	focus_69_28_cutoff_100.tsv	195	09147b2159b254e7768f912722677ba09e37fa89c8bf158d1ac29e51b1274d87
reciprocal_nomination	42:36	73:9		medium	73:9	42:36	42:36	cross_surah	label_target_note	missing_ayah_suggestion	Those who rely on their Lord provide a concise communal parallel.	focus_73_9_cutoff_100.tsv	125	f7e32c772ec578760fc9bcd7cdd9ac6eba1f29b387e9d7d851073951138a3b47
reciprocal_nomination	42:36	74:28		medium	74:28	42:36	42:36	cross_surah	label_target_note	ranked_review	What is with God is better and more enduring, again contrasting durable divine value with what does not remain.	focus_74_28_cutoff_100.tsv	79	afec6dbe000a6159579917e16018e8536868d92ee4a54ea64c425ee30cf3e9ee
reciprocal_nomination	42:36	77:46		medium	77:46	42:36	42:36	cross_surah	label_target_note	missing_ayah_suggestion	What is given is worldly-life enjoyment, while what is with God is better and more enduring for believers.	focus_77_46_cutoff_100.tsv	127	7ceb688e805c88700255491ec4e8a0a824fe33913265fe70a052238696fb2821
reciprocal_nomination	42:36	79:38		strong	79:38	42:36	42:36	cross_surah	label_target_note	missing_ayah_suggestion	Worldly enjoyment is explicitly placed beside what is better and more lasting with God.	focus_79_38_cutoff_100.tsv	108	e4c03bab56877e3fa01b579874ab9e41dfa8256d29fe887ba07cdef423f219bf
reciprocal_nomination	42:36	87:16		strong	87:16	42:36	42:36	cross_surah	label_target_note	missing_ayah_suggestion	Present provision is contrasted with what is better and more enduring.	focus_87_16_cutoff_100.tsv	131	470fb151fedf8aa992794f1da84fd9c7ec302439ab10a823c81fba23ce3b6082
reciprocal_nomination	42:36	87:17		medium	87:17	42:36	42:36	cross_surah	label_target_note	ranked_review	Near-exact worldly-metāʿ versus خَيْرٌ وَأَبْقَىٰ parallel, already established by 28:60.	focus_87_17_cutoff_100.tsv	7	965fcd761950378f141ade04abab80fa624c3c9e0c8152178a97328d5e119f76
reciprocal_nomination	42:36	90:6		medium	90:6	42:36	42:36	cross_surah	label_target_note	missing_ayah_suggestion	Relativizes accumulated worldly goods against what endures.	focus_90_6_cutoff_100.tsv	164	4f2f2950321af9d14b6c278edd7007caab62ebc8e18319c46ff7888151e5b529
reciprocal_nomination	42:36	97:3		medium	97:3	42:36	42:36	cross_surah	label_target_note	missing_ayah_suggestion	What is with God is better and more lasting, independently reinforcing the same quality-duration distinction.	focus_97_3_cutoff_100.tsv	136	dedf41b181a9673b9d2cf772ff285546ba596c644b4f0a0f0372d59d11968d01
reciprocal_nomination	42:36	100:8		medium	100:8	42:36	42:36	cross_surah	label_target_note	missing_ayah_suggestion	Worldly provision versus what remains offers a temporal f01/f02 comparison.	focus_100_8_cutoff_100.tsv	151	32bc5a69d30293ffcbf8afce368718e13b5024306e764e0aeb2891d07aa78e89
reciprocal_nomination	42:36	102:1		weak	102:1	42:36	42:36	cross_surah	label_target_note	missing_ayah_suggestion	Temporary worldly provision is contrasted with what remains; limited new detail.	focus_102_1_cutoff_100.tsv	128	d115c72f5953d71f2091a821f1516646bb9fa935658196d0bba6200c858fcd40
reciprocal_nomination	42:36	104:2		medium	104:2	42:36	42:36	cross_surah	label_target_note	missing_ayah_suggestion	Limits what is given to a passing worldly enjoyment rather than lasting security.	focus_104_2_cutoff_100.tsv	150	b3292ec9de14119e0d261c23698e0a2d45d07a5ecf2dbab67a32cdc7188d1979
