record_type	focus_ref	target_ref	focus_direction_label	source_direction_label	source_focus_ref	source_target_ref	source_target_component_ref	relation_scope	source_column_order	source_row_role	source_note	source_file	source_line	source_row_sha256
directional_review	44:37	46:18	strong	strong	44:37	46:18	46:18	cross_surah	label_target_note	ranked_review	Places the present group among earlier lost communities, reinforcing the historical warning.	focus_44_37_cutoff_100.tsv	1	8f9ab7896770e6a456aea39b55e7df91c344fa19bd928a09a5c679125815fa1e
directional_review	44:37	56:53	no value	no value	44:37	56:53	56:53	cross_surah	label_target_note	ranked_review	The filling of bellies with punishment food does not clarify prior peoples or culpable ruin.	focus_44_37_cutoff_100.tsv	2	3864e1575967e7c069dcc623742703a5c32dc9c0a882ae49aa522907e065e127
directional_review	44:37	11:117	strong	strong	44:37	11:117	11:117	cross_surah	label_target_note	ranked_review	States that towns are not destroyed while their people reform, clarifying destruction as morally conditioned.	focus_44_37_cutoff_100.tsv	3	d616323033cbf9606e91f0fad48a48eb5112eb837fa9b83e8d298c6828e78df7
directional_review	44:37	8:54	strong	strong	44:37	8:54	8:54	cross_surah	label_target_note	ranked_review	Directly joins earlier peoples, denial, sins, and destruction, making culpability the cause of ruin.	focus_44_37_cutoff_100.tsv	4	60e5cb4ede1761e664bea429d2ff24de429b9995ec4fe08b2ea8041b15afad3d
directional_review	44:37	44:27	medium	medium	44:37	44:27	44:27	same_surah	label_target_note	ranked_review	The abandoned prosperity of Pharaoh's people supplies nearby aftermath context for the warning.	focus_44_37_cutoff_100.tsv	5	5416c803bc4d5d79a008ff44cc93f4cbcbfabb9cec8601cc4073b3d4bbb27715
directional_review	44:37	16:23	medium	medium	44:37	16:23	16:23	cross_surah	label_target_note	ranked_review	Concealed arrogance remains known to God and disfavored, developing culpable conduct behind judgment.	focus_44_37_cutoff_100.tsv	6	cb9cfd6e94597eecab066a9c5948427c4da9d721abbc3019ecad2c1466c66c81
directional_review	44:37	9:70	strong	strong	44:37	9:70	9:70	cross_surah	label_target_note	ranked_review	Recalls several preceding nations, their messengers, and their self-inflicted wrong, closely framing the warning.	focus_44_37_cutoff_100.tsv	7	3f247bbce7b23815590a800025cbb43cc90b3832af35f54d9ff16d937d9d3c07
directional_review	44:37	44:43	no value	no value	44:37	44:43	44:43	same_surah	label_target_note	ranked_review	The tree of Zaqqum belongs to later punishment imagery, not the historical comparison.	focus_44_37_cutoff_100.tsv	8	25ce53b8b368432c978d8a1016de63e1def1bfeca137d8de380d57990f071b3f
directional_review	44:37	74:41	weak	weak	44:37	74:41	74:41	cross_surah	label_target_note	ranked_review	Names the guilty as a category but adds no history or causal account of their destruction.	focus_44_37_cutoff_100.tsv	9	2c3874ece849788abf5d777862c4cd64d67220235e0f95910c25ec9a79d8124c
directional_review	44:37	21:77	medium	medium	44:37	21:77	21:77	cross_surah	label_target_note	ranked_review	Noah's deniers are drowned as an evil people, providing another historical punishment pattern.	focus_44_37_cutoff_100.tsv	10	1802510f2db000f5da9c3bc9e22038a98df53294ad7481e28255ee35ed23eb20
directional_review	44:37	37:62	weak	weak	44:37	37:62	37:62	cross_surah	label_target_note	ranked_review	Its better-or comparison echoes the focus rhetoric but concerns punishment food rather than communities.	focus_44_37_cutoff_100.tsv	11	4f0f7029cfd793237696a30cc2216ae1c852d869f00f5883b44dec0fff0452b0
directional_review	44:37	14:49	weak	weak	44:37	14:49	14:49	cross_surah	label_target_note	ranked_review	The chained guilty on Judgment Day gives only a later, general consequence for wrongdoing.	focus_44_37_cutoff_100.tsv	12	f54a0cfba92b115eae92a6be26a5bf39e023b15d90565956c694b6a613ac7d71
directional_review	44:37	11:116	medium	medium	44:37	11:116	11:116	cross_surah	label_target_note	ranked_review	Links luxurious wrongdoing and corruption in prior generations to their fate, adding a moral-social pattern.	focus_44_37_cutoff_100.tsv	13	a6115688fd0547e8d23711d870466d37b8a26ae692ac0ffbd659524daa20cc72
directional_review	44:37	44:41	no value	no value	44:37	44:41	44:41	same_surah	label_target_note	ranked_review	The Day when no ally helps another does not illuminate the prior-nations comparison.	focus_44_37_cutoff_100.tsv	14	44ed5acf8b7f8f671d43ac72620f00e0e24e456c5c9156fab86f48ba17727d55
directional_review	44:37	6:158	weak	weak	44:37	6:158	6:158	cross_surah	label_target_note	ranked_review	Delayed belief becoming useless only broadly supports the warning of irreversible consequence.	focus_44_37_cutoff_100.tsv	15	45ae5d095e56a5fa6a5ce620ebc602e244d2979ce85fec32ed260c28260a47a3
directional_review	44:37	47:13	medium	medium	44:37	47:13	47:13	cross_surah	label_target_note	ranked_review	Stronger towns are destroyed without helpers, sharply undermining claims of present superiority or immunity.	focus_44_37_cutoff_100.tsv	16	34cc7399634215fa9d79392cd65c68d51d7a0ecf12e35f4288425b02d8094d5e
directional_review	44:37	44:44	no value	no value	44:37	44:44	44:44	same_surah	label_target_note	ranked_review	The food of the sinner adds no historical or causal detail to the focus.	focus_44_37_cutoff_100.tsv	17	41ae4bd1103d3389e828230a2c209f84bfc2b69ce4fd03dce21ea6ce4cc2116c
directional_review	44:37	97:3	weak	weak	44:37	97:3	97:3	cross_surah	label_target_note	ranked_review	Superiority language here concerns a night, not a community's claim to being better.	focus_44_37_cutoff_100.tsv	18	ed4b2cbc746fb237545cff898b66e12c2071ac5535bf9164d48eba29a5251d70
directional_review	44:37	43:58	medium	medium	44:37	43:58	43:58	cross_surah	label_target_note	ranked_review	A contentious better-than comparison illustrates baseless rival claims, though outside the destruction setting.	focus_44_37_cutoff_100.tsv	19	60b18517b8c3677b82862e304e070c18cb46a61c227fbc0ceaad792ea05d9841
directional_review	44:37	50:36	strong	strong	44:37	50:36	50:36	cross_surah	label_target_note	ranked_review	Earlier peoples stronger in force were destroyed, directly challenging presumed strength and escape.	focus_44_37_cutoff_100.tsv	20	03ca0a806e583a3e65de799d776e9fdfe024ff98214f9cdafbd66b393491707a
directional_review	44:37	6:26	weak	weak	44:37	6:26	6:26	cross_surah	label_target_note	ranked_review	Self-destruction through turning others away is only an indirect culpability parallel.	focus_44_37_cutoff_100.tsv	21	63ef74c6b03a853c6a8c83b7de20f5a7076ddaeec770dc8dfe72e3ba4329ab74
directional_review	44:37	54:43	strong	strong	44:37	54:43	54:43	cross_surah	label_target_note	ranked_review	Directly asks whether current disbelievers are better than earlier ones, closely matching the focus challenge.	focus_44_37_cutoff_100.tsv	22	cd37536892d4466055c9ac3ca26c3f7eae019427654cfa17868341da922f691f
directional_review	44:37	44:17	medium	medium	44:37	44:17	44:17	same_surah	label_target_note	ranked_review	The immediate passage recalls Pharaoh's people as an earlier tested community before the focus warning.	focus_44_37_cutoff_100.tsv	23	a748e64313ddee0f891005be450f49dd55754d4b2fb7841a088d304572067559
directional_review	44:37	18:59	medium	medium	44:37	18:59	18:59	cross_surah	label_target_note	ranked_review	Destroyed towns are explicitly tied to wrongdoing and an appointed term, clarifying purposeful ruin.	focus_44_37_cutoff_100.tsv	24	3babc1595cc5d4068e32ec7baeb14ad008e050aa9f4a02fe811a47fc68d3a456
directional_review	44:37	20:134	medium	medium	44:37	20:134	20:134	cross_surah	label_target_note	ranked_review	A messenger before destruction establishes the justice of warning before punitive outcome.	focus_44_37_cutoff_100.tsv	25	18e8548550cd1624f2ae0f8a42e748660f27c8eb2b34f954faac68396d366dd6
directional_review	44:37	44:45	no value	no value	44:37	44:45	44:45	same_surah	label_target_note	ranked_review	The boiling food image does not add to the historical judgment in the focus.	focus_44_37_cutoff_100.tsv	26	abf3ee65164d794c7776d76f777654c9de6fcf15b557a9825b6b665c1114d48a
directional_review	44:37	6:47	strong	strong	44:37	6:47	6:47	cross_surah	label_target_note	ranked_review	Restricts destruction to wrongdoing people, directly strengthening the focus's causal closing.	focus_44_37_cutoff_100.tsv	27	f77d519a00ed736889227ebe13cb9d0070fdc787ddc6a7fd289437de68265fef
directional_review	44:37	10:13	strong	strong	44:37	10:13	10:13	cross_surah	label_target_note	ranked_review	Earlier generations were destroyed after wrongdoing and rejecting clear messengers, a full precedent pattern.	focus_44_37_cutoff_100.tsv	28	a1bdd8b7d5ad4f713e88619bc44b6694c6737731058da765b51d952045eb521b
directional_review	44:37	50:39	no value	no value	44:37	50:39	50:39	cross_surah	label_target_note	ranked_review	The command to persevere and glorify does not clarify the focus comparison.	focus_44_37_cutoff_100.tsv	29	3748596b5088902246a04a6f1eb31037741e76a24febca214566ec0a439ff822
directional_review	44:37	8:52	medium	medium	44:37	8:52	8:52	cross_surah	label_target_note	ranked_review	Repeating Pharaoh's and earlier peoples' pattern of denial and punishment reinforces historical recurrence.	focus_44_37_cutoff_100.tsv	30	5b3457b7c3dec315540769662def703305417f35948f40e7530b2324dbd00b12
directional_review	44:37	41:25	medium	medium	44:37	41:25	41:25	cross_surah	label_target_note	ranked_review	Earlier lost nations sharing a binding verdict offers a broad precedent of culpable communal loss.	focus_44_37_cutoff_100.tsv	31	fea53c777296d093414969ddb78c214babeaaf826954a077ed816d6f27c33616
directional_review	44:37	56:52	no value	no value	44:37	56:52	56:52	cross_surah	label_target_note	ranked_review	Zaqqum as food is already an unrelated punishment branch.	focus_44_37_cutoff_100.tsv	32	9d3150cecf3640221dceb827f0ec0bccc60f2a1283e55bab2f12821b6c8e8c17
directional_review	44:37	23:61	no value	no value	44:37	23:61	23:61	cross_surah	label_target_note	ranked_review	Racing in good deeds does not illuminate destruction, guilt, or superiority claims.	focus_44_37_cutoff_100.tsv	33	443ffb1d921e82733dfe39b89b189ce493285b1836a71c42499ff32925e2e1ad
directional_review	44:37	45:31	medium	medium	44:37	45:31	45:31	cross_surah	label_target_note	ranked_review	Arrogance before recited signs culminates in being called a guilty people, developing acquired culpability.	focus_44_37_cutoff_100.tsv	34	eab972745672da72e81f7110a92644ddf28abccf14abfeac694f1f3c1204b94b
directional_review	44:37	50:27	no value	no value	44:37	50:27	50:27	cross_surah	label_target_note	ranked_review	The companion's denial of leading astray does not clarify the focus.	focus_44_37_cutoff_100.tsv	35	8c334b2d4cde4b73841da329b01b09cab95925839eb794471d79cf0a6aeeb919
directional_review	44:37	53:50	medium	medium	44:37	53:50	53:50	cross_surah	label_target_note	ranked_review	The destruction of the first 'Ad provides a concrete early precedent for the focus's historical warning.	focus_44_37_cutoff_100.tsv	36	f86d7bd2d67f37d0726312008dd409e4351db769ec49831f676acaad0638ff7e
directional_review	44:37	15:58	weak	weak	44:37	15:58	15:58	cross_surah	label_target_note	ranked_review	Mission to a guilty people names collective guilt but does not state their outcome.	focus_44_37_cutoff_100.tsv	37	c23b87cbda5a6b6a3df23d681b87160d69d1902d8e73dad69e336f571fdd6884
directional_review	44:37	37:63	no value	no value	44:37	37:63	37:63	cross_surah	label_target_note	ranked_review	Zaqqum as a trial for wrongdoers remains outside the focus's historical argument.	focus_44_37_cutoff_100.tsv	38	466252a2b21844879d5ce3bc5b2c2075f5a072c22db0fbf4826ec069581689c3
directional_review	44:37	2:195	weak	weak	44:37	2:195	2:195	cross_surah	label_target_note	ranked_review	Warning against self-destruction is a distant individual analogy to communal ruin.	focus_44_37_cutoff_100.tsv	39	c4fe9da620b100306b4990059d404bd5fda00e0f65c8c9b92ee92fcf4a0d1fee
directional_review	44:37	51:32	weak	weak	44:37	51:32	51:32	cross_surah	label_target_note	ranked_review	A mission to guilty people repeats the collective-guilt category without its consequence.	focus_44_37_cutoff_100.tsv	40	8c10efa13baba8956b8fdc42d82f914765d511dcbede3c304e023be663656cf0
directional_review	44:37	37:64	no value	no value	44:37	37:64	37:64	cross_surah	label_target_note	ranked_review	The tree's growth in Hell adds no relevant historical or ethical bridge.	focus_44_37_cutoff_100.tsv	41	c389d4653f19b58732f14308ac958ab2fc9884f2b852b517153520c8a1872bb6
directional_review	44:37	46:35	medium	medium	44:37	46:35	46:35	cross_surah	label_target_note	ranked_review	Its closing question restricts destruction to rebellious people, supporting culpable rather than arbitrary ruin.	focus_44_37_cutoff_100.tsv	42	b65fa3ccfd95132bd12b7b6f762a5bd20c308238a9c8165486e2f16facef0856
directional_review	44:37	7:64	medium	medium	44:37	7:64	7:64	cross_surah	label_target_note	ranked_review	Noah's deniers are drowned after rejecting signs, another historical example of collective consequence.	focus_44_37_cutoff_100.tsv	43	54023be1f8e883ccf7507d89502b1590bb912ab521ddf594b330b7a0f7b6770d
directional_review	44:37	53:55	no value	no value	44:37	53:55	53:55	cross_surah	label_target_note	ranked_review	Questioning divine favors does not clarify the focus.	focus_44_37_cutoff_100.tsv	44	e2d806a7c22e93808ec733493016b287385cc1d731502e6bec3ae90c18c45994
directional_review	44:37	77:16	medium	medium	44:37	77:16	77:16	cross_surah	label_target_note	ranked_review	The destruction of earlier peoples offers a concise precedent, though without the focus's stated reason.	focus_44_37_cutoff_100.tsv	45	878f3db2b44e9fcf3da262d8a5720aa29ab5c5ccd9d228f3fe43c6ab7b5fc984
directional_review	44:37	50:14	strong	strong	44:37	50:14	50:14	cross_surah	label_target_note	ranked_review	Names Tubba's people among communities that denied messengers and incurred the threatened outcome.	focus_44_37_cutoff_100.tsv	46	3daeddd203771a0dcff1a5a14e22042001784c26230667638ae797c1dc666d58
directional_review	44:37	27:62	no value	no value	44:37	27:62	27:62	cross_surah	label_target_note	ranked_review	Divine rescue of the distressed does not explain historical destruction or guilt.	focus_44_37_cutoff_100.tsv	47	446c953e2393653d74372674cd292c26e37a31d5c2c51198e24a90140bcf9f6f
directional_review	44:37	28:43	medium	medium	44:37	28:43	28:43	cross_surah	label_target_note	ranked_review	Moses receives the Book after earlier generations' destruction, preserving their fate as instruction.	focus_44_37_cutoff_100.tsv	48	008afbcb9055adbdeb04e2b40c6544d5440c371ebef774721a7a069cc93492d1
directional_review	44:37	9:113	no value	no value	44:37	9:113	9:113	cross_surah	label_target_note	ranked_review	The ban on seeking forgiveness for Hell's people does not clarify the focus comparison.	focus_44_37_cutoff_100.tsv	49	b121a6883309e52249d7f29bf788026ec40619fa53083b8cfb1335e8cae88c58
directional_review	44:37	53:52	weak	weak	44:37	53:52	53:52	cross_surah	label_target_note	ranked_review	Noah's people are called more unjust and tyrannical, only broadly supporting culpable precedent.	focus_44_37_cutoff_100.tsv	50	645364958a6630a2b413aa086bb7a00667d4de7735fb4463dc529a5ce2fabe07
directional_review	44:37	51:46	weak	weak	44:37	51:46	51:46	cross_surah	label_target_note	ranked_review	Noah's people are called rebellious, but the verse gives no destruction outcome.	focus_44_37_cutoff_100.tsv	51	f99000267cb29c82aae6dbcc1a16daec0add21f06ea371254039e356ff1f5558
directional_review	44:37	10:75	medium	medium	44:37	10:75	10:75	cross_surah	label_target_note	ranked_review	Moses and Aaron face Pharaoh's arrogant guilty people, giving a specific antecedent setting.	focus_44_37_cutoff_100.tsv	52	98a95931c4dccdbbf4d2b1e0b7103932831bc1df7e7ea5722347d864a7476f7d
directional_review	44:37	47:38	weak	weak	44:37	47:38	47:38	cross_surah	label_target_note	ranked_review	Replacement of a turning-away people is a remote alternative to destruction as warning.	focus_44_37_cutoff_100.tsv	53	73c8900b45bb8e3bc811cded8e1e63149502052590a5867e44b9de299be2951f
directional_review	44:37	54:51	weak	weak	44:37	54:51	54:51	cross_surah	label_target_note	ranked_review	Destruction of similar factions is relevant but redundant after clearer prior-nations precedents.	focus_44_37_cutoff_100.tsv	54	dc86c94bb277b4fed6be9396c6a6bc0039365cf7658558d0b42f0c80a3a18989
directional_review	44:37	37:11	medium	medium	44:37	37:11	37:11	cross_surah	label_target_note	ranked_review	A direct stronger-than comparison usefully echoes the focus's challenge to superiority.	focus_44_37_cutoff_100.tsv	55	dd535820b6986bb393a93407b6a799eca98b034a5e9a7bc19a4f55c4d5edaadf
directional_review	44:37	64:13	no value	no value	44:37	64:13	64:13	cross_surah	label_target_note	ranked_review	Trust in God does not add to the historical judgment argument.	focus_44_37_cutoff_100.tsv	56	655083052498909005765fb83e73d0d06dd3952717f4b7aeae0a1cd47de343bd
directional_review	44:37	90:6	no value	no value	44:37	90:6	90:6	cross_surah	label_target_note	ranked_review	Claiming to have spent abundant wealth does not clarify communal destruction.	focus_44_37_cutoff_100.tsv	57	b8b5b1c81a0ef8578787c637414e16c8c848f578e31d6c200e13627b8f6671a8
directional_review	44:37	12:109	medium	medium	44:37	12:109	12:109	cross_surah	label_target_note	ranked_review	Calls for observing the end of earlier peoples, directly supporting history as a warning.	focus_44_37_cutoff_100.tsv	58	86d473de645a6546bd1556f6266d1e1fcd6c7e384a4bf19bc26cb7bf35ae9084
directional_review	44:37	63:2	no value	no value	44:37	63:2	63:2	cross_surah	label_target_note	ranked_review	Oaths used as a shield do not clarify the focus's prior-community comparison.	focus_44_37_cutoff_100.tsv	59	55fd9d6cdc14221bd232fee9530e230ff7d425eca3e8d1f0fa5f1e05e90c92e1
directional_review	44:37	8:8	weak	weak	44:37	8:8	8:8	cross_surah	label_target_note	ranked_review	The triumph of truth despite guilty resistance offers only a general moral backdrop.	focus_44_37_cutoff_100.tsv	60	eb5ac1849abf724fc364a21ef2bde4010239bfa5fd49cdbe746943295d6e749b
directional_review	44:37	43:52	strong	strong	44:37	43:52	43:52	cross_surah	label_target_note	ranked_review	Pharaoh's explicit claim of being better than Moses models the arrogant superiority rhetoric challenged by the focus.	focus_44_37_cutoff_100.tsv	61	508d3d3130a5b7dfe0a45e1db14ba6b23eb649ca915f7a40bb37bd22096bef12
directional_review	44:37	63:7	no value	no value	44:37	63:7	63:7	cross_surah	label_target_note	ranked_review	Withholding support from followers of the Messenger does not clarify historical ruin.	focus_44_37_cutoff_100.tsv	62	fcf3ad920364e07edb2fe3499b123896a8699b8e1ca70ee6ebed6af9f85e80cb
directional_review	44:37	9:42	weak	weak	44:37	9:42	9:42	cross_surah	label_target_note	ranked_review	Self-harm through lying excuses is only an indirect example of earned culpability.	focus_44_37_cutoff_100.tsv	63	94f77204a78bb2b9a72810e5c8a0b6e724fb73f1df43ee32c356a20ea30256e3
directional_review	44:37	43:32	weak	weak	44:37	43:32	43:32	cross_surah	label_target_note	ranked_review	Questions human control of divine distribution, a distant critique of presumptuous status claims.	focus_44_37_cutoff_100.tsv	64	337fa4aae292686bbe6df7a058dbd5f0897ec1a683744bac1cf1b0cacdd5e9bf
directional_review	44:37	38:16	no value	no value	44:37	38:16	38:16	cross_surah	label_target_note	ranked_review	Demanding an early share of judgment does not add to the focus.	focus_44_37_cutoff_100.tsv	65	7f7afd57008429c1d39421ebabeefd86458ad9d73c884135f0d6dfab1ce87a4d
directional_review	44:37	9:107	no value	no value	44:37	9:107	9:107	cross_surah	label_target_note	ranked_review	The harmful mosque episode does not clarify historical destruction or comparative superiority.	focus_44_37_cutoff_100.tsv	66	c069db5e65994ed10d61126bb7dd6e029b882109819d67508db3662d7cd70286
directional_review	44:37	58:3	no value	no value	44:37	58:3	58:3	cross_surah	label_target_note	ranked_review	The expiation ruling is unrelated to the focus.	focus_44_37_cutoff_100.tsv	67	f4cd3349eb3a3a3930f70824641dab18c6f1dafd93e63b562ca523cc6a7c1759
directional_review	44:37	2:214	weak	weak	44:37	2:214	2:214	cross_surah	label_target_note	ranked_review	Past believers' trials provide only a general historical comparison, not the fate of guilty peoples.	focus_44_37_cutoff_100.tsv	68	26729022383371782bee1ab9a1ebd668f03f452f227c22e2ab059971c584ed8e
directional_review	44:37	6:55	medium	medium	44:37	6:55	6:55	cross_surah	label_target_note	ranked_review	Making the path of the guilty distinct develops guilt as a recognizable acquired course.	focus_44_37_cutoff_100.tsv	69	9e732bf44a1fda6881ca265ead224263b849868349e9d0c276de3ee86135e307
directional_review	44:37	2:38	no value	no value	44:37	2:38	2:38	cross_surah	label_target_note	ranked_review	The promise of guidance and safety does not clarify the focus's punitive precedent.	focus_44_37_cutoff_100.tsv	70	2ca6b533a42d1a4c1d69baa587299eafa9dfa2e72f70e6ec83d4eb0cd2c66b50
directional_review	44:37	11:22	weak	weak	44:37	11:22	11:22	cross_surah	label_target_note	ranked_review	The greatest losers in the hereafter gives only a general consequence of wrongdoing.	focus_44_37_cutoff_100.tsv	71	dbf8661dc0191f4074ec8552c19357148f7430fe96af3f41ac483794495f2938
directional_review	44:37	3:73	weak	weak	44:37	3:73	3:73	cross_surah	label_target_note	ranked_review	Exclusive religious privilege claims offer a distant parallel to unwarranted superiority.	focus_44_37_cutoff_100.tsv	72	e58c725f6f3789cffed3eb6600d6ad2250eef288eb90f1eac62781b377efba1b
directional_review	44:37	26:139	weak	weak	44:37	26:139	26:139	cross_surah	label_target_note	ranked_review	A denouncing people are destroyed, but this repeats established historical punishment evidence.	focus_44_37_cutoff_100.tsv	73	5ec6b0df9547211179b6390b6ad46f4dc45c9a9e9478e6eeeba9988ecbb2db81
directional_review	44:37	36:31	weak	weak	44:37	36:31	36:31	cross_surah	label_target_note	ranked_review	Earlier generations' irreversible disappearance is relevant but adds no cause beyond prior examples.	focus_44_37_cutoff_100.tsv	74	cd113f5c5be191f1e20492aecd68e4aa48f1daaef3b689e80bbb5283be34c359
directional_review	44:37	56:20	no value	no value	44:37	56:20	56:20	cross_surah	label_target_note	ranked_review	Chosen fruit is unrelated to the focus.	focus_44_37_cutoff_100.tsv	75	b29cb8190792f28237abfde3dd6351133f9a070d5f8b95eb4de518baaa2c6fdf
directional_review	44:37	25:15	weak	weak	44:37	25:15	25:15	cross_surah	label_target_note	ranked_review	A better-than comparison concerns Paradise and punishment, not current versus former communities.	focus_44_37_cutoff_100.tsv	76	b7c64dfc407481773aaf2787146d0450401e545695c461bf29a66b2bf6c1d68f
directional_review	44:37	56:45	weak	weak	44:37	56:45	56:45	cross_surah	label_target_note	ranked_review	Past luxury provides a limited backdrop for the fall of privileged peoples.	focus_44_37_cutoff_100.tsv	77	dfe32cc3e27aee84a2afbbb37506001acd6c83a914e09bf4d6222d9b35206fd1
directional_review	44:37	38:3	weak	weak	44:37	38:3	38:3	cross_surah	label_target_note	ranked_review	Many earlier generations were destroyed with no escape, but the point is already well covered.	focus_44_37_cutoff_100.tsv	78	b002b5d39db320ce6bff26684e44bb51bc6bb2e1b26c0a3fd608469c3407ee26
directional_review	44:37	2:205	weak	weak	44:37	2:205	2:205	cross_surah	label_target_note	ranked_review	Corruption that destroys crops and progeny is only a distant analogue to communal ruin.	focus_44_37_cutoff_100.tsv	79	aed1d83eec72370f64b943e5dcd8a5c88e027c7a1992c5143053856e7e348a64
directional_review	44:37	59:15	weak	weak	44:37	59:15	59:15	cross_surah	label_target_note	ranked_review	Earlier people tasting the consequence of their affair offers a general precedent with little detail.	focus_44_37_cutoff_100.tsv	80	ee40c20ccdce839d3f5831412bce4770d3b8da8e058c39b6ee1ea7eeea763acd
directional_review	44:37	23:48	weak	weak	44:37	23:48	23:48	cross_surah	label_target_note	ranked_review	Denial of the two messengers leads to destruction, but repeats the established pattern.	focus_44_37_cutoff_100.tsv	81	62559310f972c36e4c9343b048e2a2135899a5b0d188683fc088e3bc89f18e74
directional_review	44:37	9:66	weak	weak	44:37	9:66	9:66	cross_surah	label_target_note	ranked_review	Punishment of a guilty group after disbelief supports culpability only in a different setting.	focus_44_37_cutoff_100.tsv	82	86eec8722871c8f34cc590ce6a4faeb288cf00ebd4f3b8d36e257b1db22ed91b
directional_review	44:37	36:59	weak	weak	44:37	36:59	36:59	cross_surah	label_target_note	ranked_review	The future separation of the guilty is a remote consequence parallel.	focus_44_37_cutoff_100.tsv	83	43214f64c64b482a09f221c01e8c1bf4233e0895bc1d7d871198341c1052e484
directional_review	44:37	39:50	medium	medium	44:37	39:50	39:50	cross_surah	label_target_note	ranked_review	Earlier self-sufficient claims fail to save their makers, directly cautioning against immunity claims.	focus_44_37_cutoff_100.tsv	84	bf9df92070a69a4d4b734742bf4657936e7fbee25691316341b6a37cc99745a4
directional_review	44:37	20:102	no value	no value	44:37	20:102	20:102	cross_surah	label_target_note	ranked_review	Gathering the guilty on Judgment Day does not clarify historical destruction.	focus_44_37_cutoff_100.tsv	85	5949e9a10a00f11786110ced06bbf369c252d2596d6279d667cd25b838df6873
directional_review	44:37	5:50	weak	weak	44:37	5:50	5:50	cross_surah	label_target_note	ranked_review	God's judgment being best only distantly challenges human claims of superiority.	focus_44_37_cutoff_100.tsv	86	33b824e5cf1ba22365cba242c21220beb133efc1e751fca5bba5feec07c2e185
directional_review	44:37	38:12	medium	medium	44:37	38:12	38:12	cross_surah	label_target_note	ranked_review	Lists Pharaoh with earlier denying peoples, reinforcing his inclusion in the warning's precedent chain.	focus_44_37_cutoff_100.tsv	87	d870f70c4b48bd325cde231b5f11d5a2a96d43e72cd1dab31347eef31b3be23b
directional_review	44:37	18:81	weak	weak	44:37	18:81	18:81	cross_surah	label_target_note	ranked_review	A divinely chosen better replacement is too remote from comparative communal destruction.	focus_44_37_cutoff_100.tsv	88	d6754aca7659b2a1c9d0bfdb814fa16e78fa5f05dc4b97272834b8b48af10607
directional_review	44:37	44:22	strong	strong	44:37	44:22	44:22	same_surah	label_target_note	ranked_review	The immediate Pharaoh narrative calls them a guilty people, directly grounding the focus's final charge.	focus_44_37_cutoff_100.tsv	89	5e0e32a2e7160ca0d014af4b87f6cbdf46d7481ff33f235b478eb34a2170319b
directional_review	44:37	40:82	strong	strong	44:37	40:82	40:82	cross_surah	label_target_note	ranked_review	Earlier peoples were more numerous and stronger yet gained nothing, closely refuting superiority and security.	focus_44_37_cutoff_100.tsv	90	9ade92e3054c5e3dd66ea6a30ebe781cc1e9e584e2a7fcc1cd899f168353a7a8
directional_review	44:37	37:167	no value	no value	44:37	37:167	37:167	cross_surah	label_target_note	ranked_review	The incomplete statement adds no usable relation to the focus.	focus_44_37_cutoff_100.tsv	91	4e6bf1487f95aafcc8b8bf7b8e13b56e076d8e66596aed79235b2c6a2432a933
directional_review	44:37	20:128	medium	medium	44:37	20:128	20:128	cross_surah	label_target_note	ranked_review	Walking among the dwellings of destroyed generations makes their end a visible warning.	focus_44_37_cutoff_100.tsv	92	d974e73e0f46341adf2f10851149246006adb171ee35ce38ca6f88ff84175e78
directional_review	44:37	5:41	no value	no value	44:37	5:41	5:41	cross_surah	label_target_note	ranked_review	Legal distortion and disbelief do not clarify the focus's historical comparison.	focus_44_37_cutoff_100.tsv	93	4c0b1045c6e92e3cbe2ba0788d5532eb532325932c601697d33d94e77a8afad1
directional_review	44:37	6:156	weak	weak	44:37	6:156	6:156	cross_surah	label_target_note	ranked_review	Prior communities receiving scripture is only a distant earlier-peoples reference.	focus_44_37_cutoff_100.tsv	94	ab376be3dab6ec087630f3543d05e22fbfc8e48bfa53a43cb26b11bbf1e8467e
directional_review	44:37	4:41	no value	no value	44:37	4:41	4:41	cross_surah	label_target_note	ranked_review	Witnesses from each community concern final testimony, not historical ruin.	focus_44_37_cutoff_100.tsv	95	5b58e9ddf0298dae26138cea48e17e2aef6adb30fb03f95f59e12d752cf128e7
directional_review	44:37	15:27	no value	no value	44:37	15:27	15:27	cross_surah	label_target_note	ranked_review	The prior creation of jinn is unrelated to the focus.	focus_44_37_cutoff_100.tsv	96	aa321b404d733c6b331b2f0042c141c2b43288283a1623e2bbcd8e91d739afa8
directional_review	44:37	83:1	weak	weak	44:37	83:1	83:1	cross_surah	label_target_note	ranked_review	Woe to fraudulent measurers gives a narrow instance of culpable wrongdoing only.	focus_44_37_cutoff_100.tsv	97	60fdf20fc370c90c668dfdaed9aae99c48104205546320f243436c2b68a15325
directional_review	44:37	38:48	no value	no value	44:37	38:48	38:48	cross_surah	label_target_note	ranked_review	Remembering righteous figures does not clarify the focus.	focus_44_37_cutoff_100.tsv	98	cccdfdfd4d9c13ad3eba84279bd7787e03aa387f47a5ec15b69aea81dca4ab47
directional_review	44:37	26:64	no value	no value	44:37	26:64	26:64	cross_surah	label_target_note	ranked_review	Bringing the others near in the sea narrative adds no relation to the focus.	focus_44_37_cutoff_100.tsv	99	d486c9509806a624964679f67288c6febed3af31994ebb880ae783d6bcb12eb7
directional_review	44:37	4:176	no value	no value	44:37	4:176	4:176	cross_surah	label_target_note	ranked_review	Inheritance law is unrelated to historical guilt or destruction.	focus_44_37_cutoff_100.tsv	100	65c646e65bd5ec72723133447d895310fab521008ae895fa2ea640d1cc8abb26
directional_review	44:37	43:8	strong	strong	44:37	43:8	43:8	cross_surah	label_target_note	missing_ayah_suggestion	God destroyed peoples stronger than the present opponents and invokes the precedent of earlier peoples, directly paralleling the focus.	focus_44_37_cutoff_100.tsv	101	95d0a8f3f8db03e59d4b067806b8a7a7f3b62da4a15bde1ee0e04c7bd797486a
directional_review	44:37	40:21	strong	strong	44:37	40:21	40:21	cross_surah	label_target_note	missing_ayah_suggestion	Earlier peoples were stronger and left greater آثار, yet their sin brought divine seizure, closely matching the argument from failed power.	focus_44_37_cutoff_100.tsv	102	59abe9c79006c2592741dee58b8189664031247b9789e52b361657f2e5e9334f
directional_review	44:37	35:44	strong	strong	44:37	35:44	35:44	cross_surah	label_target_note	missing_ayah_suggestion	Travel reveals that former peoples were stronger, but none could escape God, directly refuting presumed immunity.	focus_44_37_cutoff_100.tsv	103	31ca7002a3bee0b90ee5eb998c159fe828e3340e71541e128929a27cbf5666fd
directional_review	44:37	30:9	strong	strong	44:37	30:9	30:9	cross_surah	label_target_note	missing_ayah_suggestion	Earlier peoples were stronger and developed the earth more, yet their messengers came and they perished through their own wrongdoing.	focus_44_37_cutoff_100.tsv	104	b43118dd4b8568c059efbc87becd8dc57c2df402e660d84fe97ddc11e04ec09f
directional_review	44:37	47:10	strong	strong	44:37	47:10	47:10	cross_surah	label_target_note	missing_ayah_suggestion	Asks hearers to observe the end of earlier deniers whose works God destroyed, a direct historical warning.	focus_44_37_cutoff_100.tsv	105	33f01a1a59f5d58758e4720563796c2a02881e8fee7861fbe94df578c1d0e55b
directional_review	44:37	11:102	strong	strong	44:37	11:102	11:102	cross_surah	label_target_note	missing_ayah_suggestion	Explains the painful seizure of wrongdoing towns, clarifying the destruction asserted in the focus.	focus_44_37_cutoff_100.tsv	106	bd8a57eaf932ffd9c735010ef513dc7325525fe47ac9e0f477a05c3e600ab573
directional_review	44:37	11:100	strong	strong	44:37	11:100	11:100	cross_surah	label_target_note	missing_ayah_suggestion	Narrates ruined towns as signs, supplying the historical material from which the focus argues.	focus_44_37_cutoff_100.tsv	107	a10a668f0664228f9740933b065d4334b6dd95fa569619c5382c73e40a143c08
directional_review	44:37	7:100	strong	strong	44:37	7:100	7:100	cross_surah	label_target_note	missing_ayah_suggestion	Warns later inheritors that God can strike them for sins as He did those before them.	focus_44_37_cutoff_100.tsv	108	40a5e4a1fd1e3d7fafa81f0025fb9c33cd56cdb1f638db08466fb9fd4bf4703d
directional_review	44:37	7:101	strong	strong	44:37	7:101	7:101	cross_surah	label_target_note	missing_ayah_suggestion	The stories of destroyed towns and their persistent denial give a detailed precedent for culpable ruin.	focus_44_37_cutoff_100.tsv	109	b94bb190f72e331426cf6b64c8f20125fdf7065ebfeb6964711ed03e55102b50
directional_review	44:37	7:94	medium	medium	44:37	7:94	7:94	cross_surah	label_target_note	missing_ayah_suggestion	States the recurring pattern of sending trials to towns before their humility, adding procedural context to communal judgment.	focus_44_37_cutoff_100.tsv	110	172fd3c27ed649fa1f9b220f53365684fc9e871ccb0edb86b294a7f3601f56d4
directional_review	44:37	7:97	medium	medium	44:37	7:97	7:97	cross_surah	label_target_note	missing_ayah_suggestion	Challenges towns that feel secure from divine punishment, sharpening the focus's rebuke of immunity.	focus_44_37_cutoff_100.tsv	111	cb3638dc81a1d25db1cc2fde036ff428c901d81b7fe5abd399806094204d3e68
directional_review	44:37	7:98	medium	medium	44:37	7:98	7:98	cross_surah	label_target_note	missing_ayah_suggestion	Repeats the challenge to daytime security from punishment, extending the warning against complacency.	focus_44_37_cutoff_100.tsv	112	086f7b72af1ec52bff41118b6679c176ebd82fb23167f11c625b7cd717852883
directional_review	44:37	17:16	strong	strong	44:37	17:16	17:16	cross_surah	label_target_note	missing_ayah_suggestion	Describes a town becoming due for destruction through persistent corruption, explicitly linking conduct and ruin.	focus_44_37_cutoff_100.tsv	113	9d76cba7d461efb4df8387778c2a577a5d21f6e7706009bfed789f17915bd5d9
directional_review	44:37	17:17	medium	medium	44:37	17:17	17:17	cross_surah	label_target_note	missing_ayah_suggestion	Recalls how many generations after Noah were destroyed, reinforcing the breadth of the historical precedent.	focus_44_37_cutoff_100.tsv	114	e69697a165dcf16c15d4fe160b8b7ae9dd65d85eeb86438740295abfb0892b2a
directional_review	44:37	21:6	strong	strong	44:37	21:6	21:6	cross_surah	label_target_note	missing_ayah_suggestion	States that no earlier destroyed town then believed, making past destruction a warning to current deniers.	focus_44_37_cutoff_100.tsv	115	a3807eacc90f5eb3202b734a5d02fda372c005187c5345410d89ae6286de5f9f
directional_review	44:37	21:11	strong	strong	44:37	21:11	21:11	cross_surah	label_target_note	missing_ayah_suggestion	Speaks of many wrongdoing towns shattered and replaced, directly tying injustice to communal overthrow.	focus_44_37_cutoff_100.tsv	116	a0bae4de9f90dd078b40032c1016a2ec89a702637903ac4096d073f45728b781
directional_review	44:37	22:42	medium	medium	44:37	22:42	22:42	cross_surah	label_target_note	missing_ayah_suggestion	Lists earlier peoples who denied and were then seized, adding a broad catalogue of precedents.	focus_44_37_cutoff_100.tsv	117	1d5e4c273ceab039a82afcd2a056455facb858192ef7d3f38a768ff0e9a96c12
directional_review	44:37	22:45	strong	strong	44:37	22:45	22:45	cross_surah	label_target_note	missing_ayah_suggestion	Names many towns ruined while they were wrongdoing, closely matching the focus's causal structure.	focus_44_37_cutoff_100.tsv	118	7859a832fc8c89fd310138bfee61db47eb38d563cd7da31fe37e6b1b013aabdf
directional_review	44:37	25:36	medium	medium	44:37	25:36	25:36	cross_surah	label_target_note	missing_ayah_suggestion	The destruction of peoples who denied messengers supplies another clear historical warning.	focus_44_37_cutoff_100.tsv	119	78f11146217ae8922180686794da55c6ff31a2207e3c6ab85b6fab7275885a3f
directional_review	44:37	25:37	medium	medium	44:37	25:37	25:37	cross_surah	label_target_note	missing_ayah_suggestion	Noah's people are drowned after denying messengers, reinforcing denial as a route to ruin.	focus_44_37_cutoff_100.tsv	120	973c0839004b70a1f575b7961dbe4512cb9ddc64fe1161aacabb19284ab2bce7
directional_review	44:37	26:120	medium	medium	44:37	26:120	26:120	cross_surah	label_target_note	missing_ayah_suggestion	Noah's people are drowned after rejection, a concise parallel to the stated destruction of earlier communities.	focus_44_37_cutoff_100.tsv	121	f3982362c69e5afa6129584fad0e713a94f6599f7d990a338e6eb2fa4d904446
directional_review	44:37	26:172	medium	medium	44:37	26:172	26:172	cross_surah	label_target_note	missing_ayah_suggestion	The overturning of Lot's people provides another concrete destruction precedent.	focus_44_37_cutoff_100.tsv	122	e9ac39b52bc091bdf02a35c3109b00ecba5e853e07ec040476c16906e115f0c3
directional_review	44:37	26:189	medium	medium	44:37	26:189	26:189	cross_surah	label_target_note	missing_ayah_suggestion	Punishment of the people of the thicket after denial extends the recurring pattern of guilty communities destroyed.	focus_44_37_cutoff_100.tsv	123	be972296e5c0577068809c02556ea7294811a9ff8ad253e34fb064a0831b17ec
directional_review	44:37	29:40	strong	strong	44:37	29:40	29:40	cross_surah	label_target_note	missing_ayah_suggestion	Explicitly says each community was seized for its sin and that they wronged themselves, directly clarifying f02.	focus_44_37_cutoff_100.tsv	124	0b69f8512910d5c76debfac50337c4b286441164a4dfec142f1a34c43c728d7c
directional_review	44:37	32:26	medium	medium	44:37	32:26	32:26	cross_surah	label_target_note	missing_ayah_suggestion	The many destroyed generations whose dwellings remain visible make prior ruin an observable sign.	focus_44_37_cutoff_100.tsv	125	a63160b91dd7ac2572cd9e671a38c1829438a9a40ba76ae45a01cc7ee3445dd2
directional_review	44:37	34:45	medium	medium	44:37	34:45	34:45	cross_surah	label_target_note	missing_ayah_suggestion	Earlier deniers were destroyed despite lesser prosperity, warning that present resources do not ensure safety.	focus_44_37_cutoff_100.tsv	126	08f72ec0637ea910946c1e55c8e99ec91936c9910cd29ea876c166db8713f3aa
directional_review	44:37	38:14	medium	medium	44:37	38:14	38:14	cross_surah	label_target_note	missing_ayah_suggestion	The gathered earlier factions all denied messengers and thereby incurred the due punishment.	focus_44_37_cutoff_100.tsv	127	4225bef2134e3d478533933bf84c42c565e813ebafa04f3a35dd7b045608d0ad
directional_review	44:37	41:13	medium	medium	44:37	41:13	41:13	cross_surah	label_target_note	missing_ayah_suggestion	Threatens deniers with a thunderbolt like that of 'Ad and Thamud, using prior destruction as immediate warning.	focus_44_37_cutoff_100.tsv	128	c08e4416a39497305abd05f481f543d9396b1f0705a162db92dbad8c82002baf
directional_review	44:37	41:15	strong	strong	44:37	41:15	41:15	cross_surah	label_target_note	missing_ayah_suggestion	'Ad's claim to superior strength is overturned by their destruction, closely paralleling the focus's superiority challenge.	focus_44_37_cutoff_100.tsv	129	a2734ca04e2e1e632752e04c218651b4b1f8f93c60ca8f471c28fb2002323691
directional_review	44:37	54:9	medium	medium	44:37	54:9	54:9	cross_surah	label_target_note	missing_ayah_suggestion	Noah's people deny their messenger before the flood, supplying an early instance of the warning pattern.	focus_44_37_cutoff_100.tsv	130	065bcd48e3df47662496aa5daf1c4cb61941f844901aeea266165f0a82371cba
directional_review	44:37	54:18	medium	medium	44:37	54:18	54:18	cross_surah	label_target_note	missing_ayah_suggestion	'Ad's denial and devastating punishment offer a direct historical precedent.	focus_44_37_cutoff_100.tsv	131	5c9201c9f9007897befc7352ef86931129e6137c2bb9389788f891bc54de3bf3
directional_review	44:37	54:23	medium	medium	44:37	54:23	54:23	cross_surah	label_target_note	missing_ayah_suggestion	Thamud's denial and punishment continue the same precedent sequence.	focus_44_37_cutoff_100.tsv	132	3598e17411218439764feef5494377282e22239ad6043a0b0c12221ce32a8731
directional_review	44:37	54:33	medium	medium	44:37	54:33	54:33	cross_surah	label_target_note	missing_ayah_suggestion	Lot's people deny the warnings before their punishment, reinforcing the causal pattern.	focus_44_37_cutoff_100.tsv	133	c14b73ad5d7b6d2ee482161bdacc79eea0f5b11c8db5c4e658d84677a94e40ad
directional_review	44:37	69:5	medium	medium	44:37	69:5	69:5	cross_surah	label_target_note	missing_ayah_suggestion	Thamud are destroyed by an overwhelming blast, a concrete example of former communal ruin.	focus_44_37_cutoff_100.tsv	134	d6b90dab20e34e9b7ca0a61d851af5bd2ef7a54051e57e8d0251cf60e6da10e8
directional_review	44:37	69:6	medium	medium	44:37	69:6	69:6	cross_surah	label_target_note	missing_ayah_suggestion	'Ad are destroyed by a violent wind, another concrete precedent behind the focus's warning.	focus_44_37_cutoff_100.tsv	135	bf061e3ef63f06d3b7748060634d051b5fbe0eac8ff320c738ed3764c590a281
directional_review	44:37	91:11	medium	medium	44:37	91:11	91:11	cross_surah	label_target_note	missing_ayah_suggestion	Thamud's transgression and rejection introduce a compact example of culpability before destruction.	focus_44_37_cutoff_100.tsv	136	90e99f9e15f976d959d46515e1d0b1948500a580dde886abc554816672ffe9c6
reciprocal_counterevidence	44:37	2:38		no value	2:38	44:37	44:37	cross_surah	label_target_note	ranked_review	The destruction of earlier criminals has no focused connection to the focus ayah.	focus_2_38_cutoff_100.tsv	77	11b62a0c9a2fd3912d7e353b7a0330d4f7fc5be595c33159aff08b809bcf2773
reciprocal_counterevidence	44:37	2:195		no value	2:195	44:37	44:37	cross_surah	label_target_note	ranked_review	The destruction of earlier guilty people supplies no focused connection.	focus_2_195_cutoff_100.tsv	18	31302e7330681c255bdf8b3e2a509cc5ac1e466184e6e94a8a5982aacac3323d
reciprocal_counterevidence	44:37	3:15		no value	3:15	44:37	44:37	cross_surah	label_target_note	ranked_review	Does not clarify the promised counter-estate.	focus_3_15_cutoff_100.tsv	92	b042f2a0e5ad6c991edf02a5df7fbbf0bf998c80a5875f5678c10cc048130976
reciprocal_nomination	44:37	3:117		weak	3:117	44:37	44:37	cross_surah	label_target_note	ranked_review	A terse precedent of destruction for guilty peoples.	focus_3_117_cutoff_100.tsv	73	e2ff1599204fd6dec9bb17bd38beaaa898550a19338a81c1992bff579a6bb3da
reciprocal_nomination	44:37	3:137		medium	3:137	44:37	44:37	cross_surah	label_target_note	missing_ayah_suggestion	Earlier peoples' destruction compares current denial with a known precedent.	focus_3_137_cutoff_100.tsv	136	7ceee56ee4c6d9c27bc921e9b12fbaef86f4b1ba07269a9b105fc67d306a6c95
reciprocal_counterevidence	44:37	4:176		no value	4:176	44:37	44:37	cross_surah	label_target_note	ranked_review	Past destruction does not clarify succession or shares.	focus_4_176_cutoff_100.tsv	98	dd1355db90393d07c5f3cc21e4279d0640e5121bda20af7aa0615ef0d4a687c6
reciprocal_counterevidence	44:37	5:2		no value	5:2	44:37	44:37	cross_surah	label_target_note	ranked_review	The criminal-outcome reading is too general and is a tail-audit card.	focus_5_2_cutoff_100.tsv	98	2777ab5bdc623c2567801fa08ae0cc561070ae1ebce21947cdb602ec375719b5
reciprocal_nomination	44:37	5:50		weak	5:50	44:37	44:37	cross_surah	label_target_note	ranked_review	The comparative challenge lacks a connection to Allah's judgment or jāhiliyyah.	focus_5_50_cutoff_100.tsv	82	da16f7e84795da350fd734ead969f414a4f9e800662cf1501e6edf49427be7e7
reciprocal_nomination	44:37	6:26		medium	6:26	44:37	44:37	cross_surah	label_target_note	ranked_review	Links destruction to collective criminal action, not the paired exclusion.	focus_6_26_cutoff_100.tsv	21	87c2f262323d0a345934702da32ceeb886e48b5e48005a80fc9029743a859a3e
reciprocal_nomination	44:37	6:47		medium	6:47	44:37	44:37	cross_surah	label_target_note	ranked_review	Destruction of earlier criminal peoples supplies a concise collective precedent.	focus_6_47_cutoff_100.tsv	48	d2c46d75a8ae4f2d27fe97d5a92de13704ecce13d5e40ef318298f5ef9019321
reciprocal_nomination	44:37	7:84		medium	7:84	44:37	44:37	cross_surah	label_target_note	ranked_review	Links destruction explicitly to a community's criminals status.	focus_7_84_cutoff_100.tsv	100	4a618bdd46cbd6facc59a1bc334a20f1bbb5eceb6338057600ea843295058c52
reciprocal_nomination	44:37	9:42		weak	9:42	44:37	44:37	cross_surah	label_target_note	ranked_review	Self-incurred ruin is a distant consequence parallel.	focus_9_42_cutoff_100.tsv	21	9c74c3b10fa8416fb0747c657ce04be05d85fabf18c9e9db54138b3be18a6cef
reciprocal_counterevidence	44:37	9:56		no value	9:56	44:37	44:37	cross_surah	label_target_note	ranked_review	No clear addition to the focus claim.	focus_9_56_cutoff_100.tsv	53	9be1c269d331b76d05caf7aba93fd6321fe74ff2b340a21576fec8ef6c045760
reciprocal_nomination	44:37	9:66		medium	9:66	44:37	44:37	cross_surah	label_target_note	ranked_review	Frames destruction as tied to acquired criminality, not merely collective weakness.	focus_9_66_cutoff_100.tsv	16	802f0ba5695b37a6ba9aa7aab7a51f92a0a4e588597db9c41e08bac9f8860930
reciprocal_nomination	44:37	11:22		weak	11:22	44:37	44:37	cross_surah	label_target_note	ranked_review	Destruction linked to criminality is redundant; auxiliary reading remains secondary.	focus_11_22_cutoff_100.tsv	85	f6649704223828529ced911cd9a84e4478e64c71ae1c0d12e8aa9dfda3e80a93
reciprocal_nomination	44:37	11:35		weak	11:35	44:37	44:37	cross_surah	label_target_note	ranked_review	Past destruction of criminal peoples supplies a broad consequence only.	focus_11_35_cutoff_100.tsv	85	4c16d6a1a0046c3ae47646c46d5524fb4292d7fb7ff10f92af672ebee2b7b499
reciprocal_nomination	44:37	11:52		weak	11:52	44:37	44:37	cross_surah	label_target_note	ranked_review	Destruction of criminal peoples offers a general warning, already better supplied by nearer cards.	focus_11_52_cutoff_100.tsv	23	e4bc1129a111baef9ff971b76edf89bc02a59a128f3a55b4816115be5e50a60d
reciprocal_nomination	44:37	11:89		strong	11:89	44:37	44:37	cross_surah	label_target_note	missing_ayah_suggestion	Compares a present group with Tubba and earlier destroyed peoples.	focus_11_89_cutoff_100.tsv	175	78728a2b2f9860f2086d57e4493853d58acfdb5bbf6c39a43a71dee5520799bd
reciprocal_nomination	44:37	11:117		medium	11:117	44:37	44:37	cross_surah	label_target_note	ranked_review	Destroyed مجرمين challenge present claims of communal superiority.	focus_11_117_cutoff_100.tsv	78	11cf93f52c797f7865ec57daf18558555918c083cafb90d87a9e4611abd864c0
reciprocal_nomination	44:37	12:77		weak	12:77	44:37	44:37	cross_surah	label_target_note	ranked_review	Historical comparison of who is better is distant from the immediate moral assessment in 12:77.	focus_12_77_cutoff_100.tsv	100	21796ae11c4ca4979779c8eaefbb087b213870d9913bb603aafc9f927805e83f
reciprocal_nomination	44:37	12:109		medium	12:109	44:37	44:37	cross_surah	label_target_note	missing_ayah_suggestion	Tubbâ kavmi ve öncekilerin yok edilmesini, mevcut muhatapların güç iddiasına karşı tarihî karşılaştırma yapar.	focus_12_109_cutoff_100.tsv	140	57b20d38b658aef3a56aa319db2bb63ed2130687fed9838bfd55763982683b13
reciprocal_nomination	44:37	14:49		strong	14:49	44:37	44:37	cross_surah	label_target_note	ranked_review	Adds communal destruction as consequence of acquired criminality.	focus_14_49_cutoff_100.tsv	86	0060605e70367f0ecb9d27d472a6a35059405afa912f5356ce55fecf97d7bc50
reciprocal_nomination	44:37	15:4		medium	15:4	44:37	44:37	cross_surah	label_target_note	missing_ayah_suggestion	Sets a former destroyed people as a direct comparative warning.	focus_15_4_cutoff_100.tsv	157	ccbf3e12165401cf8c0477280046d83a03cf88034c34e59144d7b4b4922e2861
reciprocal_nomination	44:37	15:58		strong	15:58	44:37	44:37	cross_surah	label_target_note	ranked_review	Explicitly grounds a community's destruction in its being guilty.	focus_15_58_cutoff_100.tsv	25	36bae80eca56c11d89396ae878e17e2e1edc126311fd983a94888b8f254abb21
reciprocal_nomination	44:37	16:109		medium	16:109	44:37	44:37	cross_surah	label_target_note	ranked_review	Links a destroyed community's outcome to its acquired criminality.	focus_16_109_cutoff_100.tsv	78	10495bba1db1b05ff4701cd7ce2b35fd5187047f4f70678df981cac57ed141f9
reciprocal_nomination	44:37	17:58		strong	17:58	44:37	44:37	cross_surah	label_target_note	missing_ayah_suggestion	Contrasts a present people with a destroyed stronger predecessor, preserving historical warning.	focus_17_58_cutoff_100.tsv	163	b675d2d572c5540af6f0e8f9493d4ca69cc72e2309fe89c7e29d5216e7545e1c
reciprocal_nomination	44:37	18:59		strong	18:59	44:37	44:37	cross_surah	label_target_note	ranked_review	It presents earlier criminal peoples as destroyed, a direct historical warning to later deniers.	focus_18_59_cutoff_100.tsv	19	85c93cf8e81ad1835ece462c2ee7ba648e6bce558128e1bef6412c148c4c870c
reciprocal_nomination	44:37	19:74		strong	19:74	44:37	44:37	cross_surah	label_target_note	ranked_review	Explicitly disputes who is better by recalling destroyed criminal predecessors, closely matching the focus's comparative rhetoric.	focus_19_74_cutoff_100.tsv	90	d8e2ef7723ef4290aa2cebbc613ebd449eaacad27b0c12f39928c7e2384fd077
reciprocal_nomination	44:37	19:86		medium	19:86	44:37	44:37	cross_surah	label_target_note	ranked_review	Destroyed prior peoples were criminals, giving a historical warning that supports the consequence pattern but not the final procession.	focus_19_86_cutoff_100.tsv	64	fee526be8bc8390789ddf576cb12f1e627ec13a568b10b00c63b9d6fec007bb1
reciprocal_nomination	44:37	20:51		medium	20:51	44:37	44:37	cross_surah	label_target_note	missing_ayah_suggestion	The people of Tubba and those before them are recalled as communities destroyed for guilt.	focus_20_51_cutoff_100.tsv	132	eeba3418e1019a835d92b844515d0e5382497900c634480e3c0cf2cf71b788aa
reciprocal_nomination	44:37	20:128		medium	20:128	44:37	44:37	cross_surah	label_target_note	missing_ayah_suggestion	It compares the deniers with the people of Tubba and earlier destroyed peoples, extending the historical warning.	focus_20_128_cutoff_100.tsv	156	fb278b1b9714d28b89222a6fcae52366aa9075b9838f9ba70152d4611379d3b2
reciprocal_nomination	44:37	20:134		weak	20:134	44:37	44:37	cross_surah	label_target_note	ranked_review	Its prior criminal peoples and destruction provide only a general precedent for punishment.	focus_20_134_cutoff_100.tsv	22	3738c3b3f731b61d47d720484c3d21c428ff41fc03cfe9a2571e480f66c99a53
reciprocal_nomination	44:37	21:77		weak	21:77	44:37	44:37	cross_surah	label_target_note	ranked_review	Destruction of an earlier guilty people gives a general collective-judgment parallel.	focus_21_77_cutoff_100.tsv	26	155bb470d5bbbf8e311e98d9cf839809ddcf7e5c178f5127055bf150e08a3bcd
reciprocal_nomination	44:37	22:42		medium	22:42	44:37	44:37	cross_surah	label_target_note	ranked_review	It compares the current audience with Tubba's people and earlier criminals who were destroyed.	focus_22_42_cutoff_100.tsv	67	f354f7c978cb20e23a16657d475bc6c2896d4f7e56cea509fdf5c343f91f7e44
reciprocal_nomination	44:37	22:45		medium	22:45	44:37	44:37	cross_surah	label_target_note	missing_ayah_suggestion	The destruction comparison with the people of Tubba extends the recurrent historical judgment pattern.	focus_22_45_cutoff_100.tsv	138	04a7254a0f2fc33e9aef7b8fd18044c5b38b0d9b15908f55bc832789e350da35
reciprocal_nomination	44:37	23:48		medium	23:48	44:37	44:37	cross_surah	label_target_note	ranked_review	It makes criminality, rather than a claimed superiority, the measure preceding historical destruction.	focus_23_48_cutoff_100.tsv	17	5126512d031e0abd78fae8a07410e4c11180ad56e7dacce9069ace3520a66a9a
reciprocal_counterevidence	44:37	23:61		no value	23:61	44:37	44:37	cross_surah	label_target_note	ranked_review	The comparative claim of being better does not concern doing good or being foremost.	focus_23_61_cutoff_100.tsv	12	2b282fac5d6b25415f6b28cd5a8cec7aaf42109539d5b3d7ed24d35ecad1b6f9
reciprocal_counterevidence	44:37	23:72		no value	23:72	44:37	44:37	cross_surah	label_target_note	ranked_review	The challenge to a people's superiority does not clarify the source of the messenger's provision.	focus_23_72_cutoff_100.tsv	73	33f0b50065e40a4dc1001e8745026617308289a484936b9811e8cbebfd3f47de
reciprocal_nomination	44:37	25:22		strong	25:22	44:37	44:37	cross_surah	label_target_note	ranked_review	Earlier peoples are destroyed because they were criminals, directly joining guilt to ruin.	focus_25_22_cutoff_100.tsv	98	76675603cddb7bc7ce4b98a450209bc5aad096beb0c91b0dc3394ab3630ebab6
reciprocal_nomination	44:37	25:38		medium	25:38	44:37	44:37	cross_surah	label_target_note	missing_ayah_suggestion	It states that the people of Tubba and those before them were destroyed for criminality, extending the focus's historical warning pattern.	focus_25_38_cutoff_100.tsv	136	8d10055c197d16276c4c3a948c0895dc20bf0deb325184f620e1ced99b674b27
reciprocal_counterevidence	44:37	27:20		no value	27:20	44:37	44:37	cross_surah	label_target_note	ranked_review	The comparison with earlier destroyed peoples does not clarify the focus.	focus_27_20_cutoff_100.tsv	93	24bc191e2d21a26b7468222aae739e2b182b3e26d4bfabf2fbb3ff49039e4c40
reciprocal_nomination	44:37	27:62		weak	27:62	44:37	44:37	cross_surah	label_target_note	ranked_review	The destruction of earlier criminal peoples offers only a remote background for later succession.	focus_27_62_cutoff_100.tsv	86	010ed1534d7e0533416094a7be25562412771604eb22fa456891b1032f26d1f0
reciprocal_nomination	44:37	35:26		medium	35:26	44:37	44:37	cross_surah	label_target_note	missing_ayah_suggestion	It recalls the people of Tubba' and those before them, destroyed because they were guilty.	focus_35_26_cutoff_100.tsv	139	307c60c5ad74effb6b82488b4dbf08af42c0252bb0a07a78562d79e43376c9ef
reciprocal_nomination	44:37	36:31		strong	36:31	44:37	44:37	cross_surah	label_target_note	ranked_review	It challenges present claims of superiority through the destruction of earlier criminal peoples.	focus_36_31_cutoff_100.tsv	67	6b4889f8046db613bfa0956df9fe2b678ab3a2f18362ff6b41e2eb1a454ecdcd
reciprocal_nomination	44:37	36:59		weak	36:59	44:37	44:37	cross_surah	label_target_note	ranked_review	The destruction of prior criminal peoples is a distant precedent for judgment.	focus_36_59_cutoff_100.tsv	84	438c22b217478b942be43c9d2b7cc345097c1ae87870b1997661965c31df1490
reciprocal_nomination	44:37	37:11		weak	37:11	44:37	44:37	cross_surah	label_target_note	ranked_review	Its rhetorical comparison of peoples is not grounded in creation or strength.	focus_37_11_cutoff_100.tsv	52	67a5388f5ada13c3f0d57795f525a8f37564fa61b66e2077ce05d380ff354c01
reciprocal_nomination	44:37	37:62		medium	37:62	44:37	44:37	cross_surah	label_target_note	ranked_review	Its question of who is better occurs in the same warning passage that soon names Zaqqum, but it does not itself describe the meal.	focus_37_62_cutoff_100.tsv	21	96665574559c4a1f80768cb8ed4affc2e7cb94d9d84b611df19561a1497bc17d
reciprocal_nomination	44:37	37:63		medium	37:63	44:37	44:37	cross_surah	label_target_note	ranked_review	The criminal-destruction scene belongs to the parallel punitive-food branch.	focus_37_63_cutoff_100.tsv	33	73b0b5459939c0a0b5076fef64879a65a24f1a2071036f38b6d8184261013a57
reciprocal_nomination	44:37	37:64		weak	37:64	44:37	44:37	cross_surah	label_target_note	ranked_review	Its nearby warning about guilty peoples broadly anticipates the punitive food scene.	focus_37_64_cutoff_100.tsv	62	f2c83efdae221440f92281ddd823133b009b3111869cbdf39d98f020b2a53ad1
reciprocal_nomination	44:37	37:71		strong	37:71	44:37	44:37	cross_surah	label_target_note	missing_ayah_suggestion	It compares the audience with the people of Tubba and those before them, who were destroyed for being criminals.	focus_37_71_cutoff_100.tsv	158	da11773ef23e0e7640a018e3e0edbbceb456501f2b04b8d89071f0cd423efe76
reciprocal_nomination	44:37	38:12		medium	38:12	44:37	44:37	cross_surah	label_target_note	ranked_review	Destroyed criminal peoples challenge claims of present superiority, extending the focus's warning force.	focus_38_12_cutoff_100.tsv	73	ab571dbfc4dea8f11ce76420136fd5f1c297cf228b27121eb00e8df8e8f26ed4
reciprocal_nomination	44:37	38:47		medium	38:47	44:37	44:37	cross_surah	label_target_note	ranked_review	Its challenge to claims of being better shows that superiority is judged by God and historical accountability.	focus_38_47_cutoff_100.tsv	100	34d3b0496736605eb453f12959a2e75818b914e4301c3a805af5535e95ee7a15
reciprocal_nomination	44:37	40:21		medium	40:21	44:37	44:37	cross_surah	label_target_note	missing_ayah_suggestion	It compares the deniers with Tubba's people and earlier peoples who were destroyed for criminality.	focus_40_21_cutoff_100.tsv	136	b31da89854831c017d4f9039494db8cc04cc838ac9c867314c14d1122c875d7e
reciprocal_nomination	44:37	40:31		weak	40:31	44:37	44:37	cross_surah	label_target_note	ranked_review	The destruction of earlier criminal peoples offers a broad, redundant historical comparison.	focus_40_31_cutoff_100.tsv	86	6a238f072039b4097f6b9a44507eb3b4c9a41868226be94bc4923929f37e5e78
reciprocal_nomination	44:37	43:8		strong	43:8	44:37	44:37	cross_surah	label_target_note	ranked_review	Earlier criminal peoples are explicitly destroyed in comparison with present rejecters.	focus_43_8_cutoff_100.tsv	68	c17b85e9ad6a124b75712541195aba8448ce30b0189e904acf3e67a4958b4b1d
reciprocal_nomination	44:37	43:54		weak	43:54	44:37	44:37	cross_surah	label_target_note	ranked_review	A destroyed criminal people offers a broad consequence parallel but no account of leadership or obedience.	focus_43_54_cutoff_100.tsv	90	e29226ecdb4f62eca8aa573e6a445025c07b9b5b9fbf2dd808070079ff93a633
reciprocal_nomination	44:37	43:58		medium	43:58	44:37	44:37	cross_surah	label_target_note	ranked_review	Uses the same rhetorical better-than comparison to challenge a self-assured people.	focus_43_58_cutoff_100.tsv	16	518466b78e29f2fc96b0b7b0807327c0dee3c0687e1b9f56effea28ab81c7f6d
reciprocal_nomination	44:37	43:74		medium	43:74	44:37	44:37	cross_surah	label_target_note	ranked_review	Earlier peoples were destroyed because they were criminals, offering a historical analogue of earned consequence.	focus_43_74_cutoff_100.tsv	89	dbfe202a54a0c5255e9e5b63254a607ca3f994924aa2f1db7ae1584680ec94f2
reciprocal_nomination	44:37	44:17		medium	44:17	44:37	44:37	same_surah	label_target_note	ranked_review	Önceki suçlu toplulukların helaki, Firavun halkının sınanma bağlamına tarihsel sonuç ekler.	focus_44_17_cutoff_100.tsv	17	e627f81865c6fea1980721c60f5470a17acdba6606731f3c24a88764631d1913
reciprocal_nomination	44:37	44:22		strong	44:22	44:37	44:37	same_surah	label_target_note	ranked_review	The same surah names earlier destroyed people as criminals, giving a direct historical confirmation of the announced fate.	focus_44_22_cutoff_100.tsv	80	f9cf121ea7b0e6676e6d99202d9734bf26887bc02f16ce4f07dafb1f27d6b5ed
reciprocal_nomination	44:37	44:27		strong	44:27	44:37	44:37	same_surah	label_target_note	ranked_review	The surah's comparison with destroyed criminal peoples frames Pharaoh's former enjoyment as no defense against judgment.	focus_44_27_cutoff_100.tsv	5	edd52fa49ec2c93a2ba8a749c8f05a9646964ed5d89923d37fad10f7aea95bc5
reciprocal_nomination	44:37	44:41		medium	44:41	44:37	44:37	same_surah	label_target_note	ranked_review	The destruction of earlier criminal peoples forms the nearby warning that leads into the Day of Decision.	focus_44_41_cutoff_100.tsv	14	03b0d6fdbf05b92505c565d90271840192d74ab6ed27317a91f77a21b0a45b5c
reciprocal_nomination	44:37	44:43		medium	44:43	44:37	44:37	same_surah	label_target_note	ranked_review	Its nearby comparison and destruction of criminals share the local judgment context, but not the tree itself.	focus_44_43_cutoff_100.tsv	8	ba3babe4244a29c56cebc63589253725d1bbe873077d361edfe23cea5cf2477d
reciprocal_nomination	44:37	44:44		medium	44:44	44:37	44:37	same_surah	label_target_note	ranked_review	The nearby destruction of criminals gives the surah's punitive setting for the sinner who receives this food.	focus_44_44_cutoff_100.tsv	8	9b0ebd52d74e0b8acafef46a0dae52a9b155c9cb0c884127d33b05727294a3f9
reciprocal_nomination	44:37	44:45		medium	44:45	44:37	44:37	same_surah	label_target_note	ranked_review	Its description of earlier criminals supplies the guilty background to the same surah's punishment sequence.	focus_44_45_cutoff_100.tsv	20	2f63c50fa1475971e987eb814caff526d694c784d13cc18cdccf1a0abaa504dd
reciprocal_nomination	44:37	46:18		medium	46:18	44:37	44:37	cross_surah	label_target_note	ranked_review	Adds precedent of earlier criminal communities destroyed before the present audience.	focus_46_18_cutoff_100.tsv	7	04ace6d66f9ef031718fc646a590087bd57c7d97ba2596a4d697e64262718cc9
reciprocal_nomination	44:37	46:25		medium	46:25	44:37	44:37	cross_surah	label_target_note	missing_ayah_suggestion	Places the people of Tubba' and predecessors within the pattern of destruction for guilt.	focus_46_25_cutoff_100.tsv	195	8c176c3d91cb2820d9bd5b7ad9a928eaf63c00e0be4ee6a106b9ddbc26de7637
reciprocal_nomination	44:37	46:27		medium	46:27	44:37	44:37	cross_surah	label_target_note	ranked_review	Earlier peoples' destruction challenges present claims of superiority, though redundantly.	focus_46_27_cutoff_100.tsv	96	14217d59bec7576a9be2023be9fee052674823b9f7aa091b50211f30b43f33ca
reciprocal_nomination	44:37	47:10		medium	47:10	44:37	44:37	cross_surah	label_target_note	missing_ayah_suggestion	Compares current claimants with Tubba and prior peoples whom destruction overtook.	focus_47_10_cutoff_100.tsv	143	6adb340ee24d58d4eb13af4a69254ff0b856330e44ebaa1f915d3136c84e1b25
reciprocal_nomination	44:37	47:13		medium	47:13	44:37	44:37	cross_surah	label_target_note	ranked_review	Adds earlier destroyed peoples against claims of superiority.	focus_47_13_cutoff_100.tsv	22	33f9d5bb2313634439018735fb669f7297b19a93b593655db7d3a4880d8f90a5
reciprocal_nomination	44:37	50:12		weak	50:12	44:37	44:37	cross_surah	label_target_note	ranked_review	Provides another destroyed earlier people but not the focus's denial structure.	focus_50_12_cutoff_100.tsv	49	d10c0fe7ca5695213e38dfeb9131889cdbe1adc43c1bdcd751eef25f0af928dd
reciprocal_nomination	44:37	50:14		strong	50:14	44:37	44:37	cross_surah	label_target_note	ranked_review	Directly revisits the people of Tubba and their destruction.	focus_50_14_cutoff_100.tsv	22	d627f762ba05c122314165d386f7fac2175c126e8197078a57b7ae63946f93a6
reciprocal_nomination	44:37	50:25		weak	50:25	44:37	44:37	cross_surah	label_target_note	ranked_review	A historical challenge to superiority is only a generic good-comparison counterpoint.	focus_50_25_cutoff_100.tsv	98	6cb16ee2016e35c90859ae0594c36cc62dd999428b6d5da8b8f106cebbaea7c5
reciprocal_nomination	44:37	50:36		medium	50:36	44:37	44:37	cross_surah	label_target_note	ranked_review	Adds destruction of prior criminal peoples, though its channel is a separate surety route.	focus_50_36_cutoff_100.tsv	29	9f9b7f6260685a50c294cea72db679c16c95ee9340731487b3741634995751f8
reciprocal_nomination	44:37	50:39		medium	50:39	44:37	44:37	cross_surah	label_target_note	ranked_review	Adds a historical check on opponents' self-assurance, indirectly supporting endurance.	focus_50_39_cutoff_100.tsv	26	531194ce493d3926a34c982d2df977217890d4f650e9c3d50550e7f80fce0f52
reciprocal_nomination	44:37	51:16		weak	51:16	44:37	44:37	cross_surah	label_target_note	ranked_review	Destruction of mujrimun is a nonspecific contrary outcome.	focus_51_16_cutoff_100.tsv	61	f85c826df2e5ed1494257a070ef87b8d6956db75df850c7882f4d4b8328aecc1
reciprocal_nomination	44:37	51:32		strong	51:32	44:37	44:37	cross_surah	label_target_note	ranked_review	Directly links a guilty community's conduct with its destruction.	focus_51_32_cutoff_100.tsv	25	4b3900c4a50e34f9ca6b92e98a13676e0c3bf71ebdeda0bdea3d1eb091ad2c10
reciprocal_nomination	44:37	51:46		medium	51:46	44:37	44:37	cross_surah	label_target_note	ranked_review	Uses former destroyed people to challenge present security, extending historical warning.	focus_51_46_cutoff_100.tsv	33	2cfe2123a4163dc1b029f365f71fc062167f882b9faa757e40013b124014cd21
reciprocal_nomination	44:37	52:32		weak	52:32	44:37	44:37	cross_surah	label_target_note	ranked_review	Shares comparative rhetoric and collective guilt without the faculty-or-command issue.	focus_52_32_cutoff_100.tsv	19	f90f053f75aaab5ddeadaee50321d93912571493a7673817dbda9a3bc2824bac
reciprocal_nomination	44:37	53:50		medium	53:50	44:37	44:37	cross_surah	label_target_note	missing_ayah_suggestion	Compares a later people to earlier stronger peoples who were destroyed.	focus_53_50_cutoff_100.tsv	178	ba6e94f82c41b5c0d8401fc23ca35d0f0c199f082cd481123621da71ef247f45
reciprocal_nomination	44:37	53:52		weak	53:52	44:37	44:37	cross_surah	label_target_note	ranked_review	Earlier criminal peoples destroyed provide only a broad comparative precedent.	focus_53_52_cutoff_100.tsv	73	1e5560e939dbe51f08c7cd5bd5c50cfb76d70a122b2367b45d32a9ee700e1394
reciprocal_nomination	44:37	53:55		weak	53:55	44:37	44:37	cross_surah	label_target_note	ranked_review	Historical destruction is a distant supporting warning pattern only.	focus_53_55_cutoff_100.tsv	53	11cecf83c262266ae6b4c70a8efd7515f34f2963b7612739368c83d38699e441
reciprocal_nomination	44:37	54:9		weak	54:9	44:37	44:37	cross_surah	label_target_note	ranked_review	Adds a broad prior-people destruction comparison, already well represented.	focus_54_9_cutoff_100.tsv	82	b7816d0be96ed51acfed72dcfa52e284fe94fe0b0ce16940da25895e3443367d
reciprocal_nomination	44:37	54:43		strong	54:43	44:37	44:37	cross_surah	label_target_note	ranked_review	Directly tests present superiority against earlier destroyed peoples, closely matching the focus's historical comparison.	focus_54_43_cutoff_100.tsv	67	3e169d184b2480e4ba49f62a24a5f1c8b2ddc0b34ca077b8997204c7d34301a8
reciprocal_nomination	44:37	54:51		medium	54:51	44:37	44:37	cross_surah	label_target_note	missing_ayah_suggestion	Sets Pharaoh's people and earlier peoples as a challenge to present confidence.	focus_54_51_cutoff_100.tsv	169	0d855fbb841bde0b5e06d2de3f4c663f0bf54588f793c3b241613af0bb5b7f81
reciprocal_counterevidence	44:37	56:20		no value	56:20	44:37	44:37	cross_surah	label_target_note	ranked_review	The superiority question does not clarify selected fruit.	focus_56_20_cutoff_100.tsv	48	4077a03617ffd2a68d8f858b5e6892dd29d895d5f65491024d559f5067304fd9
reciprocal_nomination	44:37	56:45		weak	56:45	44:37	44:37	cross_surah	label_target_note	ranked_review	Its earlier criminal communities repeat the consequence pattern without the focus's distinctive cause.	focus_56_45_cutoff_100.tsv	43	b4e24d333352ef92bcbedd3f63aaa4c7bc52a6840abcd3ec1b37d8823ad67555
reciprocal_nomination	44:37	56:52		weak	56:52	44:37	44:37	cross_surah	label_target_note	ranked_review	Upstream 44 context may frame culpability, but adds no direct intake detail.	focus_56_52_cutoff_100.tsv	29	da9cec97078c44c07f6685936cb5275e945af383055600113c1fe731cb9765f1
reciprocal_nomination	44:37	56:53		weak	56:53	44:37	44:37	cross_surah	label_target_note	ranked_review	Its punishment-scene channel is broader than the belly-filling act.	focus_56_53_cutoff_100.tsv	35	9f78fb8449eb6bb09439a5b75a89df09be09f1c11a1dae370f561fd81fe09a8b
reciprocal_counterevidence	44:37	56:64		no value	56:64	44:37	44:37	cross_surah	label_target_note	ranked_review	Tail-audit formal contrast adds no cultivation or agency evidence.	focus_56_64_cutoff_100.tsv	94	d872e86a249a9dc3f6f7066d8fe7d4b3f8400e8cbfa85abf5e95c1c14c19ef58
reciprocal_nomination	44:37	63:2		weak	63:2	44:37	44:37	cross_surah	label_target_note	ranked_review	A general historical judgment adds only a remote bad-work parallel.	focus_63_2_cutoff_100.tsv	47	2357367d9c5068d5363c089c967d1a46f9f6cc1acbf556ee4872771dd52edb5a
reciprocal_counterevidence	44:37	63:7		no value	63:7	44:37	44:37	cross_surah	label_target_note	ranked_review	Historical destruction does not clarify the focus.	focus_63_7_cutoff_100.tsv	44	86fd4c5a073b1f078ea9d7946291faeb5371867403bb3c89023f1b47fa60f39e
reciprocal_nomination	44:37	64:5		medium	64:5	44:37	44:37	cross_surah	label_target_note	missing_ayah_suggestion	Compares the present audience with a destroyed people and those before them.	focus_64_5_cutoff_100.tsv	145	79398f9ecda2246f9c5ed9ebc74950818da5a409139a9646356ac8403a158ee8
reciprocal_counterevidence	44:37	64:13		no value	64:13	44:37	44:37	cross_surah	label_target_note	ranked_review	The comparative destruction scene does not add a focused connection.	focus_64_13_cutoff_100.tsv	38	2506ebdc2523a5bdb42bf58f1ab71601c112c2e88f2f1a548d926a64dc0da1fb
reciprocal_nomination	44:37	68:38		strong	68:38	44:37	44:37	cross_surah	label_target_note	ranked_review	Tests superiority claims by historical outcome rather than self-description.	focus_68_38_cutoff_100.tsv	84	9c423e9665e6a1b55bca95c7fce44485680c6a24a4e8556791ee4a2ebe53884b
reciprocal_nomination	44:37	69:9		strong	69:9	44:37	44:37	cross_surah	label_target_note	ranked_review	Earlier peoples are destroyed as مجرمين, a concise historical parallel.	focus_69_9_cutoff_100.tsv	100	526998e0eed08e2de1f5ba9d4facdc504624fb253c746ba69ef6a12c3b27d393
reciprocal_nomination	44:37	74:41		strong	74:41	44:37	44:37	cross_surah	label_target_note	ranked_review	Treats destruction as consequent on an offender status, supporting an acquired culpability rather than mere weakness.	focus_74_41_cutoff_100.tsv	78	f043d357e32cac93d24469a6925c7c423c26bb871d49febec8eb6d5757371d5f
reciprocal_counterevidence	44:37	86:15		no value	86:15	44:37	44:37	cross_surah	label_target_note	ranked_review	No material addition to plotting or its countermeasure.	focus_86_15_cutoff_100.tsv	96	a0ee84fec6fe3d2ab1abbf1f42291cfa17c1f1571d76a4d65be44312fea051ac
reciprocal_nomination	44:37	90:6		weak	90:6	44:37	44:37	cross_surah	label_target_note	ranked_review	Historical destruction remains a broad and indirect parallel.	focus_90_6_cutoff_100.tsv	24	9a5317ebdf56e1948829f26ae7231476df112d6d57958edeb538dd1bd1682be3
reciprocal_nomination	44:37	97:3		weak	97:3	44:37	44:37	cross_surah	label_target_note	ranked_review	Rhetorical ranking language is generic and adds little after earlier comparison cards.	focus_97_3_cutoff_100.tsv	54	0baa14bbcde746bc6fa1fbce99f324ce08392708f3bfe1b6c8635d273d9aa7d2
