record_type	focus_ref	target_ref	focus_direction_label	source_direction_label	source_focus_ref	source_target_ref	source_target_component_ref	relation_scope	source_column_order	source_row_role	source_note	source_file	source_line	source_row_sha256
directional_review	42:18	40:59	strong	strong	42:18	40:59	40:59	cross_surah	label_target_note	ranked_review	It directly states that the Hour is certainly coming while most people do not believe.	focus_42_18_cutoff_100.tsv	1	acc00733f5f9eefeea9e7399839543b8e4c6ca7ea6bfc0b470e9f2afd9973722
directional_review	42:18	3:62	weak	weak	42:18	3:62	3:62	cross_surah	label_target_note	ranked_review	It affirms a true account and divine uniqueness, but adds little about the Hour or its disputation.	focus_42_18_cutoff_100.tsv	2	48460f62d6c267e487d12cf190dbe5c59ff82aa861cb2580b65d405c21cd054e
directional_review	42:18	18:29	medium	medium	42:18	18:29	18:29	cross_surah	label_target_note	ranked_review	It joins truth from the Lord with belief and disbelief, adding the consequential choice absent from the focus.	focus_42_18_cutoff_100.tsv	3	bb4325f7c68b06b73a13717dae16288678756b0e91a3fdd4fbcfd195b34cfd42
directional_review	42:18	21:49	strong	strong	42:18	21:49	21:49	cross_surah	label_target_note	ranked_review	It closely repeats believers' awe of the unseen Lord and of the Hour.	focus_42_18_cutoff_100.tsv	4	6c589be4c5916269a1f2511d4d58380e717d466ba310c7b10aeb0460e2b9763e
directional_review	42:18	42:16	strong	strong	42:18	42:16	42:16	same_surah	label_target_note	ranked_review	The preceding local dispute shows arguments against God collapsing and ending in severe punishment.	focus_42_18_cutoff_100.tsv	5	2969290d0a0523d445312af5cb1c9fc2df8a4ec92780b43c8d022e10d16f675c
directional_review	42:18	50:27	medium	medium	42:18	50:27	50:27	cross_surah	label_target_note	ranked_review	Its distant error language sharpens the focus's verdict, though it concerns a particular condemned person's defense.	focus_42_18_cutoff_100.tsv	6	4e53a086ce462a83a3ab5281ae69c624c92fe1b13a73adab9d38de1085ccbe44
directional_review	42:18	43:61	strong	strong	42:18	43:61	43:61	cross_surah	label_target_note	ranked_review	It names the Hour as a sign and explicitly forbids doubt about it.	focus_42_18_cutoff_100.tsv	7	c40c3452b53340237f628799686d79ae7435b29166e0bb33f99fe0ce48550e3c
directional_review	42:18	42:24	medium	medium	42:18	42:24	42:24	same_surah	label_target_note	ranked_review	The local accusation of fabrication is answered by God's removal of falsehood and establishment of truth.	focus_42_18_cutoff_100.tsv	8	51486e84668cc0d41c0236280834aed66d1e787ac93ab67faffe6d88d8ff97a1
directional_review	42:18	18:44	weak	weak	42:18	18:44	18:44	cross_surah	label_target_note	ranked_review	It affirms God's true authority and the better final outcome, but is less specific than prior truth parallels.	focus_42_18_cutoff_100.tsv	9	e7672d3994d047177362c32620dab8f1faa0d0f6bfcfe6cde7877339548f4bf1
directional_review	42:18	23:57	medium	medium	42:18	23:57	23:57	cross_surah	label_target_note	ranked_review	It supplies another picture of reverent awe rooted in fear of the Lord.	focus_42_18_cutoff_100.tsv	10	75f05e9bfd073be1ec82f9e3b402c0fffb11d99b8a309eda12656d75fc55512e
directional_review	42:18	3:60	medium	medium	42:18	3:60	3:60	cross_surah	label_target_note	ranked_review	It directly pairs truth from the Lord with a prohibition on doubt.	focus_42_18_cutoff_100.tsv	11	e29b9b3f8c6cf52a4b04ae650e60a693db866fbfc111ad7b985443fcb23dee1f
directional_review	42:18	4:116	medium	medium	42:18	4:116	4:116	cross_surah	label_target_note	ranked_review	It defines distant error through associating partners with God, a boundary case for the focus's error.	focus_42_18_cutoff_100.tsv	12	72376dc5d228f4a5bfceb00397f8a9f15886fa594aab74279302154df136d223
directional_review	42:18	14:3	medium	medium	42:18	14:3	14:3	cross_surah	label_target_note	ranked_review	It explains distant error as preferring worldly life and obstructing God's way.	focus_42_18_cutoff_100.tsv	13	e92e89258d9be9230cd962db3c9232fb9cc0c6e19495ad1955547d0b31763bb6
directional_review	42:18	42:17	strong	strong	42:18	42:17	42:17	same_surah	label_target_note	ranked_review	The immediate predecessor joins the true Book and balance with the nearness of the Hour.	focus_42_18_cutoff_100.tsv	14	fc44ef050cf17540739be1f3316185f6354540a660309176028af1ab869c0ca0
directional_review	42:18	18:22	weak	weak	42:18	18:22	18:22	cross_surah	label_target_note	ranked_review	It limits ungrounded argument about the unseen, a secondary analogue to disputing the Hour.	focus_42_18_cutoff_100.tsv	15	7eadf3e96bf2fb37c475e7befeb827789f7c7bae1458bf8ed8409030c806b536
directional_review	42:18	22:55	strong	strong	42:18	22:55	22:55	cross_surah	label_target_note	ranked_review	It directly portrays disbelievers remaining in doubt until the Hour arrives suddenly.	focus_42_18_cutoff_100.tsv	16	82a4ec7f154c504a36b1446175dd489a9aadba34ee8562d619ff1f9bcad7e42b
directional_review	42:18	42:21	weak	weak	42:18	42:21	42:21	same_surah	label_target_note	ranked_review	Its unauthorized religious legislation and deferred judgment provide only a broader local setting.	focus_42_18_cutoff_100.tsv	17	e9d1eb96a17e2fc90bf269524f32e388ee10b96855566c367bb267a6b9533b85
directional_review	42:18	38:84	weak	weak	42:18	38:84	38:84	cross_surah	label_target_note	ranked_review	The emphatic declaration of truth is too general after stronger truth-and-Hour connections.	focus_42_18_cutoff_100.tsv	18	9f8d876c9534923028bb7c19077ae334da24ed2df788b19accd13fa569b7b125
directional_review	42:18	70:27	weak	weak	42:18	70:27	70:27	cross_surah	label_target_note	ranked_review	It repeats fearful concern about divine punishment but adds little beyond the earlier awe parallels.	focus_42_18_cutoff_100.tsv	19	8618a0cb53abcd5050fb1510d41503679fbd2b819467b51d97d72146bbd9f880
directional_review	42:18	3:61	medium	medium	42:18	3:61	3:61	cross_surah	label_target_note	ranked_review	It shows contention persisting after knowledge has come, clarifying culpable disputation.	focus_42_18_cutoff_100.tsv	20	d3c280cb9736d45096675a970afa7c1fe82a1e078738208ac6051760a158fa85
directional_review	42:18	54:36	medium	medium	42:18	54:36	54:36	cross_surah	label_target_note	ranked_review	It depicts people disputing warnings after being warned of divine seizure.	focus_42_18_cutoff_100.tsv	21	864105595a68c5ba305dcf734ee400047d843e03bb88c7032751e881c909731a
directional_review	42:18	24:25	strong	strong	42:18	24:25	24:25	cross_surah	label_target_note	ranked_review	It combines full requital with knowing that God is the manifest truth.	focus_42_18_cutoff_100.tsv	22	4329d19f4bc36868fc68b1ec4df9adf41753929cbdb95b25b160ec55c41cdd60
directional_review	42:18	42:22	strong	strong	42:18	42:22	42:22	same_surah	label_target_note	ranked_review	The immediate continuation contrasts the wrongdoers' fear of an impending result with believers' reward.	focus_42_18_cutoff_100.tsv	23	8519edb519d89a5fcc91f0e5bd8c3b0845554424f67ed5da4c4801395131d416
directional_review	42:18	84:16	no value	no value	42:18	84:16	84:16	cross_surah	label_target_note	ranked_review	The oath by twilight does not independently clarify the focus's awe, certainty, or dispute.	focus_42_18_cutoff_100.tsv	24	0caf1f29b63cd71f7bf4b09af8e3d70dfc57afa34f272d3d262078f079aec88a
directional_review	42:18	6:109	medium	medium	42:18	6:109	6:109	cross_surah	label_target_note	ranked_review	It shows that demands for signs do not secure belief, clarifying unbelieving insistence.	focus_42_18_cutoff_100.tsv	25	969172ac5047cd06a13a42906f266a7140665226fb8fc6ff0ec8b599e2075e3e
directional_review	42:18	10:82	medium	medium	42:18	10:82	10:82	cross_surah	label_target_note	ranked_review	It states that God establishes truth despite the criminals' resistance.	focus_42_18_cutoff_100.tsv	26	de428c60f0ed89bc87be8a03ffcb08b67892fed680e9df6064164efbf1d7e873
directional_review	42:18	12:8	no value	no value	42:18	12:8	12:8	cross_surah	label_target_note	ranked_review	The brothers' mistaken charge against their father does not illuminate the Hour or its dispute.	focus_42_18_cutoff_100.tsv	27	dca64e0ffb33bd744b8eb64c3f6c9afa1e14179a7b8fe825dce5ddeddc85f094
directional_review	42:18	41:44	medium	medium	42:18	41:44	41:44	cross_surah	label_target_note	ranked_review	It contrasts guidance for believers with unbelievers' deafness and distant condition.	focus_42_18_cutoff_100.tsv	28	41afcbe9fb8e48a2d973c18e42f23478b79324cad5ea65ac8bfa27dc14d4caf5
directional_review	42:18	42:46	weak	weak	42:18	42:46	42:46	same_surah	label_target_note	ranked_review	Its lack of helpers and path for the misled adds only a broad later-surah consequence.	focus_42_18_cutoff_100.tsv	29	db3b34814de27ca458cf4c3fde114d9db4de44176acf7c1d53683870afa3a93b
directional_review	42:18	23:44	weak	weak	42:18	23:44	23:44	cross_surah	label_target_note	ranked_review	It records repeated rejection of messengers, but its separation language is not the focus's distant error.	focus_42_18_cutoff_100.tsv	30	2938c560d685037a7ed07f81d8cc8b00976cd7167fd64b767e3c0fbf50311138
directional_review	42:18	43:66	medium	medium	42:18	43:66	43:66	cross_surah	label_target_note	ranked_review	It directly depicts the Hour coming suddenly while people are unaware.	focus_42_18_cutoff_100.tsv	31	5149545b942f6e836754d73805a890f6c2ac40ef796be0ab3303c003e9f4581e
directional_review	42:18	52:2	no value	no value	42:18	52:2	52:2	cross_surah	label_target_note	ranked_review	The inscribed book alone does not clarify the focus.	focus_42_18_cutoff_100.tsv	32	40da02e78ddc2045d6e36e6ec426db7024d2e5c421437a4e76de0b42ee6e659b
directional_review	42:18	40:6	medium	medium	42:18	40:6	40:6	cross_surah	label_target_note	ranked_review	It confirms the realized divine word that disbelievers are companions of the Fire.	focus_42_18_cutoff_100.tsv	33	2fe11968f6b4c105943abeec295c5600e8aa0ac7d62ce5dd6ed6409b7037b88b
directional_review	42:18	56:53	no value	no value	42:18	56:53	56:53	cross_surah	label_target_note	ranked_review	The image of filling bellies has no material relation to the focus.	focus_42_18_cutoff_100.tsv	34	6459194b65667d22f0447f471e267dee6c2101a0d63df9e9bab2b24442911e1f
directional_review	42:18	42:50	no value	no value	42:18	42:50	42:50	same_surah	label_target_note	ranked_review	Divine power over offspring is unrelated to the focus's eschatological contrast.	focus_42_18_cutoff_100.tsv	35	05261c4d86de63860a3dbfabef930f9883f0d4a68b297acbc66fd4b4e6f4f813
directional_review	42:18	4:167	strong	strong	42:18	4:167	4:167	cross_surah	label_target_note	ranked_review	It directly describes disbelief and obstruction as distant error.	focus_42_18_cutoff_100.tsv	36	9be8a1e55338782de3aefbd65de5bf52412f127e2ad3dba49a61c0ee17ac77bd
directional_review	42:18	7:146	strong	strong	42:18	7:146	7:146	cross_surah	label_target_note	ranked_review	It explains persistent unbelief as refusing signs and choosing error over right guidance.	focus_42_18_cutoff_100.tsv	37	f62cd7847718b8156ddd1174dc1c5347b75fb3c65b2e32cd4630815c3790ac99
directional_review	42:18	4:81	no value	no value	42:18	4:81	4:81	cross_surah	label_target_note	ranked_review	Secretly revising an avowed obedience does not materially clarify the Hour dispute.	focus_42_18_cutoff_100.tsv	38	fb14dcf6f32f90347596dea28d49263d9a3ff55f730d4b8c40e543dac86b8d2e
directional_review	42:18	44:50	medium	medium	42:18	44:50	44:50	cross_surah	label_target_note	ranked_review	It presents the disputed reality as finally confronted by those who doubted it.	focus_42_18_cutoff_100.tsv	39	219bcc9487890189884eea0c0a24d3795f75c4faa9eb8c6fe5b7598e886e989c
directional_review	42:18	26:97	medium	medium	42:18	26:97	26:97	cross_surah	label_target_note	ranked_review	The confession of being in clear error supplies a retrospective counterpart to the focus's judgment.	focus_42_18_cutoff_100.tsv	40	a3e6faadc1f899242d3e0f6ead98193f2217ae9df6247eb83f9b297340d36bc4
directional_review	42:18	42:20	weak	weak	42:18	42:20	42:20	same_surah	label_target_note	ranked_review	Its contrast between worldly and afterlife cultivation is a broader consequence of orientation.	focus_42_18_cutoff_100.tsv	41	5a95c5223d6857a16f85314ba5290a33c08c3f9804018479fa2d8d2e60fcd5b3
directional_review	42:18	3:69	weak	weak	42:18	3:69	3:69	cross_surah	label_target_note	ranked_review	Its attempt to mislead others, while self-defeating, is only a general error parallel.	focus_42_18_cutoff_100.tsv	42	1f95f2d0a331887bbb869eac272d00f9f753d95047928842d67dee16feb7f113
directional_review	42:18	22:53	medium	medium	42:18	22:53	22:53	cross_surah	label_target_note	ranked_review	It names hard-hearted wrongdoers as being in distant schism.	focus_42_18_cutoff_100.tsv	43	dda43c0ac9a65ec9af822032eded28e0b2739397b1f41bbf6d64262e9170a1a4
directional_review	42:18	42:49	no value	no value	42:18	42:49	42:49	same_surah	label_target_note	ranked_review	Divine ownership and creation provide no distinct clarification of the focus.	focus_42_18_cutoff_100.tsv	44	5c2c74912137f307ca1192c2b550085ac752f593f86a63b871626e9bbfcfeb40
directional_review	42:18	11:17	strong	strong	42:18	11:17	11:17	cross_surah	label_target_note	ranked_review	It combines evidence, belief, truth from the Lord, doubt, and the Fire's promise.	focus_42_18_cutoff_100.tsv	45	fa01ca3653c745ab98f44c6dc205ac6d84a3dbbde05c9c586bd47d9e553fff8a
directional_review	42:18	4:51	weak	weak	42:18	4:51	4:51	cross_surah	label_target_note	ranked_review	It shows a distorted allegiance judgment but does not address the Hour's truth or timing.	focus_42_18_cutoff_100.tsv	46	e138ed20348e52997a1be7cc62463ef95da1961f588db0dc520c025913ab47e4
directional_review	42:18	52:7	medium	medium	42:18	52:7	52:7	cross_surah	label_target_note	ranked_review	It concisely affirms that the Lord's punishment is inevitable.	focus_42_18_cutoff_100.tsv	47	a7b16453bc5396ddb60b569d8319abda55b3b231a9479ba12656c657591a356b
directional_review	42:18	28:15	no value	no value	42:18	28:15	28:15	cross_surah	label_target_note	ranked_review	The city conflict and accidental killing do not clarify the focus.	focus_42_18_cutoff_100.tsv	48	7ca2b456ab7c006645460bbf412f8e9c115a7901ea1ea4a12ae0c3da927a13d5
directional_review	42:18	21:28	medium	medium	42:18	21:28	21:28	cross_surah	label_target_note	ranked_review	It joins divine knowledge with the awed fear of those permitted to intercede.	focus_42_18_cutoff_100.tsv	49	2ef79c39797b5a47f1f3ecec356144e9f00fe78cb88cffdf35529c1180baf286
directional_review	42:18	42:33	no value	no value	42:18	42:33	42:33	same_surah	label_target_note	ranked_review	The sign in still ships does not add to the focus's belief-and-dispute contrast.	focus_42_18_cutoff_100.tsv	50	b1f0e2d025ea908127a5f660a0b57b4d7bb01a2c337f1570cf2c18e907b9a775
directional_review	42:18	11:79	no value	no value	42:18	11:79	11:79	cross_surah	label_target_note	ranked_review	The speakers' claim of no right to Lot's daughters is unrelated.	focus_42_18_cutoff_100.tsv	51	d49f6cb131a33664faaef89853513069b95c07668e38dcbaef987838e27caad7
directional_review	42:18	3:164	weak	weak	42:18	3:164	3:164	cross_surah	label_target_note	ranked_review	It contrasts the believers' instruction with a prior state of clear error, but remains general.	focus_42_18_cutoff_100.tsv	52	e2ce491ba6bae130f71e887f4138e3860ffbe86c1be3d7339e9e2fe8afe86d36
directional_review	42:18	10:81	weak	weak	42:18	10:81	10:81	cross_surah	label_target_note	ranked_review	God's nullification of sorcery is a broad truth-versus-falsehood parallel.	focus_42_18_cutoff_100.tsv	53	68e8bf09e95c39708d8842b63529a5407ba515d1ee69a77aabf0ec362d03e49f
directional_review	42:18	30:29	medium	medium	42:18	30:29	30:29	cross_surah	label_target_note	ranked_review	Following desire without knowledge explains a route into error and loss of help.	focus_42_18_cutoff_100.tsv	54	34498a845772dd5edacd5fa23503f374d3e54307eddb9c78f4d9c931035b6118
directional_review	42:18	41:54	strong	strong	42:18	41:54	41:54	cross_surah	label_target_note	ranked_review	It directly identifies troubling doubt about meeting the Lord.	focus_42_18_cutoff_100.tsv	55	ecbd575b685cdc76772e79bbb1255fc8bf3380c0c44a44aea6faac57adb6ed5f
directional_review	42:18	42:44	medium	medium	42:18	42:44	42:44	same_surah	label_target_note	ranked_review	It portrays wrongdoers seeing punishment and vainly seeking a way back.	focus_42_18_cutoff_100.tsv	56	6264274cc641ba75acebd70f6daf5ffbaca5c7dc0c383305b319c5113eb99692
directional_review	42:18	13:17	medium	medium	42:18	13:17	13:17	cross_surah	label_target_note	ranked_review	Its sustained contrast of enduring truth and vanishing falsehood undergirds the focus's certainty claim.	focus_42_18_cutoff_100.tsv	57	9ef1f9420552df7e3ae8407782979f7a0df5360b90bf52048cb83332e18ee208
directional_review	42:18	10:50	strong	strong	42:18	10:50	10:50	cross_surah	label_target_note	ranked_review	It directly challenges criminals who seek to hasten the punishment.	focus_42_18_cutoff_100.tsv	58	79b6c98e81db9ef517e99726b3f8f2216051cf6b28d3d1c6f5efd668ae4142b6
directional_review	42:18	17:11	weak	weak	42:18	17:11	17:11	cross_surah	label_target_note	ranked_review	Human haste in calling for harm supplies a general analogue to hurrying a consequence.	focus_42_18_cutoff_100.tsv	59	3dc10eb346018b96a5639d6ce51210f7dd2cc0a969762cd59d74059f739c61db
directional_review	42:18	22:74	weak	weak	42:18	22:74	22:74	cross_surah	label_target_note	ranked_review	Failure to appraise God properly is a broad background for rejecting His warning.	focus_42_18_cutoff_100.tsv	60	062f6301c378a629b3d1e0a5c4e6979144295c5bc551dfde22b0359f93b250f2
directional_review	42:18	26:204	medium	medium	42:18	26:204	26:204	cross_surah	label_target_note	ranked_review	It repeats the challenge to those who seek to hasten divine punishment.	focus_42_18_cutoff_100.tsv	61	4a4a2393dc21cf726527dcd89e0c75b5b678590fcef16ba399bedce0f2c4017a
directional_review	42:18	42:7	strong	strong	42:18	42:7	42:7	same_surah	label_target_note	ranked_review	The same surah declares the Day of Gathering beyond doubt and divides people by final outcome.	focus_42_18_cutoff_100.tsv	62	f6af9b103ff46c3952ea6a16f2f923b23dcb80ac85baa466db680e7cdf93aed7
directional_review	42:18	23:15	weak	weak	42:18	23:15	23:15	cross_surah	label_target_note	ranked_review	The certainty of death is only a distant preparation for the Hour.	focus_42_18_cutoff_100.tsv	63	745e32f6804b3641a63468a25adcb1bb469621e6eb405cda7746a5b7c451649d
directional_review	42:18	2:176	medium	medium	42:18	2:176	2:176	cross_surah	label_target_note	ranked_review	It joins the Book sent in truth with distant schism among those who differ over it.	focus_42_18_cutoff_100.tsv	64	87a288752c63a1133ebe65441769f1876459a471a65dd8bd7e88673fb0bab2c7
directional_review	42:18	30:56	strong	strong	42:18	30:56	30:56	cross_surah	label_target_note	ranked_review	Those given knowledge and faith confirm the resurrection day when it arrives, exposing prior ignorance.	focus_42_18_cutoff_100.tsv	65	2c08adf7fa4134a764b5b3aafcf87b319578450e0adf8848c5776f2a9547cba3
directional_review	42:18	53:30	medium	medium	42:18	53:30	53:30	cross_surah	label_target_note	ranked_review	It contrasts limited knowledge with God's knowledge of those who stray and those guided.	focus_42_18_cutoff_100.tsv	66	117fa3d9e44aea30160d08620144a87819ac326bfdcc9a132974ec802cc5fbba
directional_review	42:18	13:14	medium	medium	42:18	13:14	13:14	cross_surah	label_target_note	ranked_review	It calls God's invocation true and identifies the unbelievers' invocation as error.	focus_42_18_cutoff_100.tsv	67	402efb14a349b0dcbfdc11a221dacfec3cf6313e6f83673f1e7c73fde0794eab
directional_review	42:18	42:51	no value	no value	42:18	42:51	42:51	same_surah	label_target_note	ranked_review	The modes of divine communication do not clarify the focus's Hour response.	focus_42_18_cutoff_100.tsv	68	4276100dd16ce64cba4960f00b8051e5917b4a634554478727066cfbe6e6d7b6
directional_review	42:18	18:56	strong	strong	42:18	18:56	18:56	cross_surah	label_target_note	ranked_review	It explicitly shows disbelievers arguing with falsehood to dislodge truth and mocking warnings.	focus_42_18_cutoff_100.tsv	69	9da567d51afedb905b2959b6ad8c3dfccaa1355d7652bb0f988590d361edb94e
directional_review	42:18	18:36	medium	medium	42:18	18:36	18:36	cross_surah	label_target_note	ranked_review	It gives a direct voice of denial that the Hour will occur.	focus_42_18_cutoff_100.tsv	70	440bf43ce0086b889bf5ab2f26caa26f4010393d0ab09197ccc1c9c24daa5b2c
directional_review	42:18	41:45	medium	medium	42:18	41:45	41:45	cross_surah	label_target_note	ranked_review	It describes a disputed Book and troubling doubt, but is less specific than Hour-focused doubt.	focus_42_18_cutoff_100.tsv	71	2f2ed54cedb994658d548f8e2be79a950da7527a194274f45554b97feef6889f
directional_review	42:18	53:55	weak	weak	42:18	53:55	53:55	cross_surah	label_target_note	ranked_review	It reproves disputation over the Lord's favors, a limited analogy to disputing the Hour.	focus_42_18_cutoff_100.tsv	72	7e2f8af906f998bc46ed22d3a173d99fcbb48d4f70d7509d3450cade317ac6cf
directional_review	42:18	31:16	weak	weak	42:18	31:16	31:16	cross_surah	label_target_note	ranked_review	God's knowledge of the smallest hidden matter offers only a general support for informed certainty.	focus_42_18_cutoff_100.tsv	73	8999dccaec88765a8301e8746f2f1f686d6e5d1f4abe31db3cdb189550bdb3a3
directional_review	42:18	42:38	weak	weak	42:18	42:38	42:38	same_surah	label_target_note	ranked_review	Responding to the Lord is a positive local counterpart but does not address the focus's issue.	focus_42_18_cutoff_100.tsv	74	a83156b6614c578b6627f006b543d3c06887ee7bb883241a31d0c0f56018a595
directional_review	42:18	70:6	strong	strong	42:18	70:6	70:6	cross_surah	label_target_note	ranked_review	It directly contrasts those who see the promised event as distant with the focus's certainty.	focus_42_18_cutoff_100.tsv	75	c4ea94347155ad91c708e1d11fbe1f319a6d3f49e6b99a3d4b15d88d93b833ae
directional_review	42:18	27:37	no value	no value	42:18	27:37	27:37	cross_surah	label_target_note	ranked_review	The threat against Sheba does not clarify the focus.	focus_42_18_cutoff_100.tsv	76	ae36673ea507830ed0faf3bcccb917cb4511e2bd8c12b3e99426a4cce1ed59eb
directional_review	42:18	6:147	weak	weak	42:18	6:147	6:147	cross_surah	label_target_note	ranked_review	Mercy alongside unavoidable punishment gives a broad warning context.	focus_42_18_cutoff_100.tsv	77	edf23881b80cbd3bf2d04cdeaa4222d757c5fc6da813e66a6fe6adf0af4ab1c0
directional_review	42:18	2:119	weak	weak	42:18	2:119	2:119	cross_surah	label_target_note	ranked_review	The messenger's truthful mission as bearer of warning is only general background.	focus_42_18_cutoff_100.tsv	78	75238a4ac41a0c0ffb3b21f05c5c6713e22cc8659ce1b7ee8d74b3bfe312fea1
directional_review	42:18	58:22	medium	medium	42:18	58:22	58:22	cross_surah	label_target_note	ranked_review	It portrays faith in God and the Last Day as a decisive allegiance that produces success.	focus_42_18_cutoff_100.tsv	79	ff3881b540cd9fdbd4feb32c9833f23e4cf7c6e8a68e8299c0fcb26c0cfa7c4d
directional_review	42:18	42:13	weak	weak	42:18	42:13	42:13	same_surah	label_target_note	ranked_review	The same surah's call to uphold one religion explains resistance to the invitation only broadly.	focus_42_18_cutoff_100.tsv	80	db389b7608e707990346d805aaf00cb15681a80a2e32cc4478f10713221eb835
directional_review	42:18	67:9	medium	medium	42:18	67:9	67:9	cross_surah	label_target_note	ranked_review	The condemned admit receiving a warner, denying it, and calling the warners misguided.	focus_42_18_cutoff_100.tsv	81	401d95a0edad8257b1daa19766f92ef6f4278d80d71e65e0e6e78cd385ec7925
directional_review	42:18	9:99	weak	weak	42:18	9:99	9:99	cross_surah	label_target_note	ranked_review	Faith in God and the Last Day is present, but the verse chiefly concerns charitable spending.	focus_42_18_cutoff_100.tsv	82	4cb45ad0d4ac1404fa210a0af1c67f2c03bdd5db1022c38d5c04530b08ec668d
directional_review	42:18	2:91	weak	weak	42:18	2:91	2:91	cross_surah	label_target_note	ranked_review	It depicts selective belief while rejecting confirming truth, a secondary refusal pattern.	focus_42_18_cutoff_100.tsv	83	4006908547034e6bbbca4efd694546a43a0238941765737a24932bf2576a541b
directional_review	42:18	8:7	medium	medium	42:18	8:7	8:7	cross_surah	label_target_note	ranked_review	God's intent to establish truth by His words and cut off disbelievers supports the focus's truth claim.	focus_42_18_cutoff_100.tsv	84	1f0055df283bef57bea06f7607ad4d074f9b463749030fac4bbba3e80caa3825
directional_review	42:18	20:79	weak	weak	42:18	20:79	20:79	cross_surah	label_target_note	ranked_review	Pharaoh's misguidance of his people is too general after clearer error parallels.	focus_42_18_cutoff_100.tsv	85	f41fc98347a542eff637211995b32e6593b84adb9d803c8aca5a534fee61eb9e
directional_review	42:18	2:25	weak	weak	42:18	2:25	2:25	cross_surah	label_target_note	ranked_review	The believers' promised Garden supplies only the positive outcome side of the focus.	focus_42_18_cutoff_100.tsv	86	fa313f1870df4ab4b95e23a713307ab3da029cce1603c56c4cd6952e850810d2
directional_review	42:18	56:95	medium	medium	42:18	56:95	56:95	cross_surah	label_target_note	ranked_review	Its emphatic truth of certainty reinforces the focus's assertion that the Hour is true.	focus_42_18_cutoff_100.tsv	87	7464d42d92cbf884472b0c3a66515dbfbd7ce2258668f4c28593555feea99f6a
directional_review	42:18	2:214	weak	weak	42:18	2:214	2:214	cross_surah	label_target_note	ranked_review	Believers asking when aid comes gives only a limited temporal counterpart to seeking haste.	focus_42_18_cutoff_100.tsv	88	7e7841df255e4dfbcb38e94b28f7cb8420ebc4f5231a8d0c4fb67afb079df8b3
directional_review	42:18	98:4	medium	medium	42:18	98:4	98:4	cross_surah	label_target_note	ranked_review	It shows division arising only after clear proof came, illuminating resistance after evidence.	focus_42_18_cutoff_100.tsv	89	e816664c61c071f298bcdaa5abb31216c4f02a79d0a35f587f57ed581945ac70
directional_review	42:18	60:1	medium	medium	42:18	60:1	60:1	cross_surah	label_target_note	ranked_review	It combines rejection of received truth with straying from the level path.	focus_42_18_cutoff_100.tsv	90	cac41005f4547f735cba617d516e8cc59be58b118b460692d52ab9e977af722e
directional_review	42:18	2:102	no value	no value	42:18	2:102	2:102	cross_surah	label_target_note	ranked_review	The account of sorcery and its harms does not materially clarify the focus.	focus_42_18_cutoff_100.tsv	91	4373c97b869554326c9c64fbe975fbdc853a184cae5265af844d6c50a27d60c4
directional_review	42:18	43:29	weak	weak	42:18	43:29	43:29	cross_surah	label_target_note	ranked_review	The arrival of truth and a clear messenger is relevant only as general revelation context.	focus_42_18_cutoff_100.tsv	92	a1be2ae01ce7e2f28fd829a79b031b99b27b3a8a6c5980b4a584e26e7e679b80
directional_review	42:18	22:11	weak	weak	42:18	22:11	22:11	cross_surah	label_target_note	ranked_review	Unstable worship and loss in both worlds offer a broad contrast to settled belief.	focus_42_18_cutoff_100.tsv	93	31473b008987cc2c5f898542b12d14aca66258c5b5f36109fb7bfb12b81a8172
directional_review	42:18	33:4	weak	weak	42:18	33:4	33:4	cross_surah	label_target_note	ranked_review	God's truthful speech and guidance contrast with unsupported human claims, but remain general.	focus_42_18_cutoff_100.tsv	94	203dd31517595b186b62d13f26f0f2019291945d10e8318699aceb2bca847695
directional_review	42:18	66:3	no value	no value	42:18	66:3	66:3	cross_surah	label_target_note	ranked_review	The disclosure of a private conversation does not illuminate the focus.	focus_42_18_cutoff_100.tsv	95	fa3f777e22e6565f2664de66ce7468e78c0cec022d522af1e0bcab6c6528c341
directional_review	42:18	34:49	medium	medium	42:18	34:49	34:49	cross_surah	label_target_note	ranked_review	The coming of truth and incapacity of falsehood reinforce the decisive truth claim.	focus_42_18_cutoff_100.tsv	96	ab2b490d83f70b8f600f143b2a2f5febc06af764bbd4549d1a23aec625e6f089
directional_review	42:18	4:78	no value	no value	42:18	4:78	4:78	cross_surah	label_target_note	ranked_review	Its discussion of death and attribution of misfortune does not clarify the Hour dispute.	focus_42_18_cutoff_100.tsv	97	3be0f4a3a7491dcd87d3ece0db205c4b6c89391aa058659caa13aea7d7d025cc
directional_review	42:18	68:7	weak	weak	42:18	68:7	68:7	cross_surah	label_target_note	ranked_review	God's knowledge of the misguided and guided restates a general classification without the Hour.	focus_42_18_cutoff_100.tsv	98	740ded3e5fa74fac1870ad338651e894675c357636be10a6e9d17a4f363311f9
directional_review	42:18	4:32	no value	no value	42:18	4:32	4:32	cross_surah	label_target_note	ranked_review	The instruction about not coveting others' shares is unrelated.	focus_42_18_cutoff_100.tsv	99	14bec50ba7e632e9a17e65bf476bc16f2050aead2773ba3a047d9aae075f0312
directional_review	42:18	53:2	weak	weak	42:18	53:2	53:2	cross_surah	label_target_note	ranked_review	The denial that the messenger strayed corrects a different accusation, not the Hour disputation.	focus_42_18_cutoff_100.tsv	100	e7febb6d6e0b39db5a7c2fed3fe553cf8491ed621140b493f9913297d350a6c3
directional_review	42:18	7:187	strong	strong	42:18	7:187	7:187	cross_surah	label_target_note	missing_ayah_suggestion	It directly addresses questioning the Hour, its weight, and its sudden arrival.	focus_42_18_cutoff_100.tsv	101	2a20ba7439da24d33a62a48ad63cf278dbfb79a87340684deec203e4e3523988
directional_review	42:18	16:1	strong	strong	42:18	16:1	16:1	cross_surah	label_target_note	missing_ayah_suggestion	It directly forbids hastening the command of God once its coming is declared.	focus_42_18_cutoff_100.tsv	102	a456c334c14b370f597ef6ea46b0f4d649464ac012c13ddbfedc8ce7e3525d16
directional_review	42:18	18:21	strong	strong	42:18	18:21	18:21	cross_surah	label_target_note	missing_ayah_suggestion	It explicitly affirms that God's promise is true and that there is no doubt about the Hour.	focus_42_18_cutoff_100.tsv	103	1880dc2fde006abe9986c2281c5411878d01c4ebde93cf6d0eb62c09d504d9f0
directional_review	42:18	20:15	strong	strong	42:18	20:15	20:15	cross_surah	label_target_note	missing_ayah_suggestion	It declares the Hour as coming while preserving its concealed timing.	focus_42_18_cutoff_100.tsv	104	6987e9594b37870b400b3315efaea11292b79cd92f1af7fed447ba15a07b0d10
directional_review	42:18	21:1	strong	strong	42:18	21:1	21:1	cross_surah	label_target_note	missing_ayah_suggestion	It presents the approaching reckoning against people's heedlessness and turning away.	focus_42_18_cutoff_100.tsv	105	3c68c8e177289b671831817b63a9b2c08fe4738867eb640fca3d807abe40910a
directional_review	42:18	21:37	strong	strong	42:18	21:37	21:37	cross_surah	label_target_note	missing_ayah_suggestion	It explicitly joins human haste with the command not to seek divine signs prematurely.	focus_42_18_cutoff_100.tsv	106	c6a27d311cbd7477889b86cbe93f0384a0a77a5e75611437e00efb77475ee2bb
directional_review	42:18	22:7	strong	strong	42:18	22:7	22:7	cross_surah	label_target_note	missing_ayah_suggestion	It directly declares the Hour coming without doubt and resurrection from the graves.	focus_42_18_cutoff_100.tsv	107	4d344f01f5e2222a5c32e138661b108df63ae2a367b2bbb355f6467d789c9559
directional_review	42:18	25:11	strong	strong	42:18	25:11	25:11	cross_surah	label_target_note	missing_ayah_suggestion	It links denial of the Hour to the prepared blaze for those who deny it.	focus_42_18_cutoff_100.tsv	108	ae73c7f0c761eff9b1c2433bf06165f1ae9757e6aa7ea3cd17bafd93c604abb6
directional_review	42:18	27:71	strong	strong	42:18	27:71	27:71	cross_surah	label_target_note	missing_ayah_suggestion	It repeats the challenge asking when the promised consequence will occur.	focus_42_18_cutoff_100.tsv	109	18a58f3095672e6f8bfc957cb3b41582980dd821dffb20aa1c41fbd408ce3d01
directional_review	42:18	29:53	strong	strong	42:18	29:53	29:53	cross_surah	label_target_note	missing_ayah_suggestion	It directly identifies people as seeking to hasten punishment despite its appointed arrival.	focus_42_18_cutoff_100.tsv	110	495700a195f1f64efb46e6937b7755ae44bbb3d87519ba87305cb1fc50838672
directional_review	42:18	31:34	strong	strong	42:18	31:34	31:34	cross_surah	label_target_note	missing_ayah_suggestion	It reserves knowledge of the Hour to God, grounding humility about its timing.	focus_42_18_cutoff_100.tsv	111	c58876225d059c2dd15dd61f3e7de4659863bcc950d5aa6c6bb532869ab9940a
directional_review	42:18	33:63	strong	strong	42:18	33:63	33:63	cross_surah	label_target_note	missing_ayah_suggestion	It answers questioning about the Hour by stressing that it may be near.	focus_42_18_cutoff_100.tsv	112	50d6d32bf23ad9d858e913bfda2bc6ae1c7e444f261e2dacf718cd1b6a7f928b
directional_review	42:18	34:3	strong	strong	42:18	34:3	34:3	cross_surah	label_target_note	missing_ayah_suggestion	It emphatically declares that the Hour will come despite those who deny it.	focus_42_18_cutoff_100.tsv	113	50654457818f6d2abdcfc251e95fe111aa22f1c8a214bc8115f4ec6cc03abd20
directional_review	42:18	34:29	strong	strong	42:18	34:29	34:29	cross_surah	label_target_note	missing_ayah_suggestion	It records the unbelievers' demand for the date of the promised judgment.	focus_42_18_cutoff_100.tsv	114	a3e91e02de483cad765dbfde32227b226e038e8572e2d8e7ae4d529b4530fef4
directional_review	42:18	36:48	strong	strong	42:18	36:48	36:48	cross_surah	label_target_note	missing_ayah_suggestion	It directly voices the challenge asking when the promise will be fulfilled.	focus_42_18_cutoff_100.tsv	115	57d065a88b66620ef215b48ee6b502bd7e009a6ff217dad5e5c2d74c1746d59b
directional_review	42:18	38:16	strong	strong	42:18	38:16	38:16	cross_surah	label_target_note	missing_ayah_suggestion	It shows people demanding their due before the Day of Account, a related form of impatient challenge.	focus_42_18_cutoff_100.tsv	116	744d006007c98c8d2b015b7966d43eb6edf3d25905eb5f4ec835f7706344a07d
directional_review	42:18	41:47	strong	strong	42:18	41:47	41:47	cross_surah	label_target_note	missing_ayah_suggestion	It states that knowledge of the Hour belongs to God alone.	focus_42_18_cutoff_100.tsv	117	e6c1a03e26a75b62da0b708e039f18c40afb8050091f1c3199baa684936abb9f
directional_review	42:18	45:32	strong	strong	42:18	45:32	45:32	cross_surah	label_target_note	missing_ayah_suggestion	It directly records denial and uncertainty when the Hour and God's promise are said to be certain.	focus_42_18_cutoff_100.tsv	118	e55ca6172317a8b4ac2889ddf06587577e41b693185862f835fabcfe2036996e
directional_review	42:18	47:18	strong	strong	42:18	47:18	47:18	cross_surah	label_target_note	missing_ayah_suggestion	It depicts people waiting only for the Hour to overtake them suddenly.	focus_42_18_cutoff_100.tsv	119	8ebaa117e617924e232fa39ef9e667194da2989b81130d5cbecb977580159535
directional_review	42:18	51:12	strong	strong	42:18	51:12	51:12	cross_surah	label_target_note	missing_ayah_suggestion	It records the question asking when the Day of Recompense will be.	focus_42_18_cutoff_100.tsv	120	14365d1ae9b3af4eea308b826ac60a5ea58f1e961938436176a0eda620800563
directional_review	42:18	54:1	strong	strong	42:18	54:1	54:1	cross_surah	label_target_note	missing_ayah_suggestion	It declares that the Hour has drawn near.	focus_42_18_cutoff_100.tsv	121	9435baf554f445d9f080bf7324462e2caef9b8c38f13ef490f3dfde7439104ab
directional_review	42:18	54:46	strong	strong	42:18	54:46	54:46	cross_surah	label_target_note	missing_ayah_suggestion	It identifies the Hour as the promised time and as more severe and bitter.	focus_42_18_cutoff_100.tsv	122	c5774c27de5130016e9a585fad72741ab38201f63870253e8fa0e2dcaa859b15
directional_review	42:18	64:7	strong	strong	42:18	64:7	64:7	cross_surah	label_target_note	missing_ayah_suggestion	It contrasts denial of resurrection with the sworn assertion that people will be raised and informed.	focus_42_18_cutoff_100.tsv	123	f69b3722fdc339c255dbd5e3770fc1e37dd1a1b9e6031fdd93766c694963e535
directional_review	42:18	67:25	strong	strong	42:18	67:25	67:25	cross_surah	label_target_note	missing_ayah_suggestion	It repeats the unbelievers' demand to know when the promise will occur.	focus_42_18_cutoff_100.tsv	124	a24e70786b0a457b19e025f988e47d9dd2f2fc00da2df941e6b992dc87dc5153
directional_review	42:18	70:1	strong	strong	42:18	70:1	70:1	cross_surah	label_target_note	missing_ayah_suggestion	It presents a caller demanding the punishment that is due to fall.	focus_42_18_cutoff_100.tsv	125	a0b0c0f2744c579e0aec25d0190ce2f83a29a3aea0c916f4e312393b81f38b4f
directional_review	42:18	75:10	strong	strong	42:18	75:10	75:10	cross_surah	label_target_note	missing_ayah_suggestion	It depicts the human question about where escape is on the decisive day.	focus_42_18_cutoff_100.tsv	126	341338ce7930bd0f39afe99b5f409014e4932b79883c693b8bc2fb0df64255df
directional_review	42:18	79:42	strong	strong	42:18	79:42	79:42	cross_surah	label_target_note	missing_ayah_suggestion	It directly asks about the timing of the Hour and redirects attention to its final limit.	focus_42_18_cutoff_100.tsv	127	c8ff757c96be1c9aff74a021db29c7b0d7a5e836203f8dd5b28a8c390efc7b65
directional_review	42:18	6:158	medium	medium	42:18	6:158	6:158	cross_surah	label_target_note	missing_ayah_suggestion	It shows that belief at the arrival of some divine signs will no longer benefit those who had not believed.	focus_42_18_cutoff_100.tsv	128	084d3e67481b5504aaf45d05a049bd94319a8b12e4fdcefdd5314d6095735c37
directional_review	42:18	10:51	medium	medium	42:18	10:51	10:51	cross_surah	label_target_note	missing_ayah_suggestion	It rebukes those who would believe only after the punishment they sought to hasten has arrived.	focus_42_18_cutoff_100.tsv	129	b89669cc01103b905fbc19ac0fd71b8dc6618138d8a41dceecb9efe47fe00640
directional_review	42:18	17:49	medium	medium	42:18	17:49	17:49	cross_surah	label_target_note	missing_ayah_suggestion	It gives a resurrection-denial question that resists accountability after death.	focus_42_18_cutoff_100.tsv	130	32e2a57e85bdc146626ed3890b1afa5cf00e9bcb6bf809e245ececc96dde0b28
directional_review	42:18	19:66	medium	medium	42:18	19:66	19:66	cross_surah	label_target_note	missing_ayah_suggestion	It voices doubt that a dead person will be brought forth alive.	focus_42_18_cutoff_100.tsv	131	7df02ca50376124146c6c5a0cfbc56e5ab5c4d160d1618c05dffc69b8e7c7043
directional_review	42:18	23:82	medium	medium	42:18	23:82	23:82	cross_surah	label_target_note	missing_ayah_suggestion	It records the objection that decayed ancestors could be resurrected.	focus_42_18_cutoff_100.tsv	132	dd9ed97606634e5d277e6f07dfbe29961f31fc982d8634c7281170185f1eaec8
directional_review	42:18	36:49	medium	medium	42:18	36:49	36:49	cross_surah	label_target_note	missing_ayah_suggestion	It portrays the sudden blast overtaking people while they are disputing.	focus_42_18_cutoff_100.tsv	133	d7372e598eaf7509e358756fa65d86e4b12c4b1ca676e4035076e01ce8af4ad9
directional_review	42:18	43:85	medium	medium	42:18	43:85	43:85	cross_surah	label_target_note	missing_ayah_suggestion	It affirms that God possesses knowledge of the Hour and that all return to Him.	focus_42_18_cutoff_100.tsv	134	a42569a5b4d618819991ae5959b5e2184a85228c4ab9f112d1c8b4afd2d5ec71
directional_review	42:18	44:40	medium	medium	42:18	44:40	44:40	cross_surah	label_target_note	missing_ayah_suggestion	It identifies the Day of Decision as an appointed time for all.	focus_42_18_cutoff_100.tsv	135	6bd17fc0032fc9da58a1da86169eb00a561e87af42b959cf88d904db8b5ed24a
directional_review	42:18	50:20	medium	medium	42:18	50:20	50:20	cross_surah	label_target_note	missing_ayah_suggestion	It presents the blast announcing the day of the threatened reality.	focus_42_18_cutoff_100.tsv	136	77cde4dbf73e401160c2ceb0296ca8b150d0c98fe19a5ee810e4dfa50ebdacc8
directional_review	42:18	78:17	medium	medium	42:18	78:17	78:17	cross_surah	label_target_note	missing_ayah_suggestion	It names the Day of Decision as an appointed time.	focus_42_18_cutoff_100.tsv	137	ce4be7fa324390d6406459ae0474542d1793bbbfc910261d84f05266a31c6a28
directional_review	42:18	10:48	strong	strong	42:18	10:48	10:48	cross_surah	label_target_note	missing_ayah_suggestion	It directly records the demand to know when the promised event will occur.	focus_42_18_cutoff_100.tsv	138	3fe1d3c4ff05dab6ae15735d1c12102d3ab7a1a5ac43e5886f0c61185c27df23
directional_review	42:18	21:38	strong	strong	42:18	21:38	21:38	cross_surah	label_target_note	missing_ayah_suggestion	It directly repeats the mock challenge asking when the promise will be fulfilled.	focus_42_18_cutoff_100.tsv	139	74e58f6b81512a4b158c8032a7b83cc2538bc50ccb61c050a4e6205f251417db
directional_review	42:18	45:26	strong	strong	42:18	45:26	45:26	cross_surah	label_target_note	missing_ayah_suggestion	It joins death, life, gathering on the Day of Resurrection, and the absence of doubt about it.	focus_42_18_cutoff_100.tsv	140	1d56996fb2e131c9f6adaea1fa26417c7bbf34744687f3b63664ac898d64c068
directional_review	42:18	6:31	medium	medium	42:18	6:31	6:31	cross_surah	label_target_note	missing_ayah_suggestion	It describes those who deny meeting God being overtaken by the Hour unexpectedly.	focus_42_18_cutoff_100.tsv	141	0a7ccdc1d467bd0cd28405fac728e67fb47c94060c0363440bd2724de5094829
directional_review	42:18	17:49	medium	medium	42:18	17:49	17:49	cross_surah	label_target_note	missing_ayah_suggestion	It resists resurrection after becoming bones and fragments, a direct accountability doubt.	focus_42_18_cutoff_100.tsv	142	0b4eff1cac6873c2499546b26e151be3cd5ad8de9dededef3059d42384fb1be8
directional_review	42:18	23:16	medium	medium	42:18	23:16	23:16	cross_surah	label_target_note	missing_ayah_suggestion	It explicitly places resurrection after death on the Day of Resurrection.	focus_42_18_cutoff_100.tsv	143	404334d7379ddfa1e6fa45bffe9ade4f3b45999ebf207ea5af21bb4459ccc169
directional_review	42:18	23:83	medium	medium	42:18	23:83	23:83	cross_surah	label_target_note	missing_ayah_suggestion	It dismisses resurrection as an ancient tale, extending the denial pattern.	focus_42_18_cutoff_100.tsv	144	ec17705c095c80acf0d234f701a3277d83e47566f127f093f6449ae8f937dd98
directional_review	42:18	27:67	medium	medium	42:18	27:67	27:67	cross_surah	label_target_note	missing_ayah_suggestion	It voices the objection that people and ancestors reduced to dust could be brought out.	focus_42_18_cutoff_100.tsv	145	682ec6f7f18ed400eab751d3df4180a4d7ed70acd7c9594094f3068e1e37aa1c
directional_review	42:18	32:28	medium	medium	42:18	32:28	32:28	cross_surah	label_target_note	missing_ayah_suggestion	It records the demand for the timing of a promised decisive victory or judgment.	focus_42_18_cutoff_100.tsv	146	593908e1548813dec7881f46a656432f8af8bcbf505793e0449bd720f12574f4
directional_review	42:18	36:78	medium	medium	42:18	36:78	36:78	cross_surah	label_target_note	missing_ayah_suggestion	It argues against resurrection from decayed bones, a concrete form of denying the final event.	focus_42_18_cutoff_100.tsv	147	21041c51f3dd9c5c607b03e1cfa16afc41f2173f204f80ed4287ff73e0f5be7e
directional_review	42:18	37:16	medium	medium	42:18	37:16	37:16	cross_surah	label_target_note	missing_ayah_suggestion	It asks whether the dead and dust will truly be raised.	focus_42_18_cutoff_100.tsv	148	4ede0a74bd7301349fb23fd05b9283736ba86da6fa187116f30997e199d1472b
directional_review	42:18	40:57	medium	medium	42:18	40:57	40:57	cross_surah	label_target_note	missing_ayah_suggestion	It argues from God's greater creation to the plausibility of raising people.	focus_42_18_cutoff_100.tsv	149	3fd6a0d044c0a684cbc8d11ba6ef8b8c8c7b6ebba7706d00479344e8a1dcff8a
directional_review	42:18	46:17	medium	medium	42:18	46:17	46:17	cross_surah	label_target_note	missing_ayah_suggestion	It rejects the promise of being brought forth after generations have passed.	focus_42_18_cutoff_100.tsv	150	4c999f70563bfb9b87e7e3074e5e85b5f9cd283b35fb37a43bf0731a91cc5246
directional_review	42:18	50:3	medium	medium	42:18	50:3	50:3	cross_surah	label_target_note	missing_ayah_suggestion	It calls return after becoming dust an improbable return.	focus_42_18_cutoff_100.tsv	151	98f6dfa256fc19c06ec0ff9380a905f6e5b8b0aa87990c9d35fe188051d0bfc6
directional_review	42:18	56:47	medium	medium	42:18	56:47	56:47	cross_surah	label_target_note	missing_ayah_suggestion	It voices doubt that the dead and dust will be resurrected.	focus_42_18_cutoff_100.tsv	152	9db451cdd5169ae84ea6f7e9170cef9cefb2022163d52253821f72246945e29a
directional_review	42:18	75:3	medium	medium	42:18	75:3	75:3	cross_surah	label_target_note	missing_ayah_suggestion	It rejects the assumption that God cannot gather human bones.	focus_42_18_cutoff_100.tsv	153	188c333f45f7c4bdae18c2622145c3b12b5398f6ff35f705d13a0a836e47b455
reciprocal_nomination	42:18	1:7		weak	1:7	42:18	42:18	cross_surah	label_target_note	ranked_review	Its contrast evidence marks a remote boundary rather than positive route support.	focus_1_7_cutoff_100.tsv	86	a1d2a45da0200662ab01386bcf8e6649cea6c6de644b3bbdf676028f78dff88f
reciprocal_nomination	42:18	2:71		weak	2:71	42:18	42:18	cross_surah	label_target_note	ranked_review	Recognition of ٱلْحَقُّ after dispute is a broad, redundant parallel.	focus_2_71_cutoff_100.tsv	42	a528cc2a05f817d84e042dfb348e677898122fa9f29c77d9485fccf98ff9dba0
reciprocal_nomination	42:18	2:91		weak	2:91	42:18	42:18	cross_surah	label_target_note	ranked_review	Knowing the truth is tied to the Hour rather than recognition of revelation.	focus_2_91_cutoff_100.tsv	61	bcf987b9ec3241f75da8929de6ef5ff303fb2b718b4086d77bea3e44ebd73a4a
reciprocal_nomination	42:18	2:119		weak	2:119	42:18	42:18	cross_surah	label_target_note	ranked_review	Contrasts disbelief and belief toward the Hour, a broad warning-response pattern.	focus_2_119_cutoff_100.tsv	58	60344abcb8dc74624784a4a6dcb9a0fade7dd1e014a2fab83464cb7df4e3cb24
reciprocal_nomination	42:18	2:147		medium	2:147	42:18	42:18	cross_surah	label_target_note	ranked_review	Contrasts knowing the Hour as truth with those who dispute it, though its object differs.	focus_2_147_cutoff_100.tsv	42	152b56681dcece0042af87bef0fa9e26ef20e5366697c59a357e5b6c759ce06b
reciprocal_counterevidence	42:18	2:149		no value	2:149	42:18	42:18	cross_surah	label_target_note	ranked_review	Truth of the Hour is unrelated to the directional instruction.	focus_2_149_cutoff_100.tsv	42	dd23e7fb7a18077fd392fcb0f9a53deaf626ac815a09e99b088e18692da63749
reciprocal_nomination	42:18	2:175		weak	2:175	42:18	42:18	cross_surah	label_target_note	ranked_review	Associates dispute over the Hour with far misguidance, but the route is not focused on 2:175.	focus_2_175_cutoff_100.tsv	71	11fd342d53978a3f840513bce8b746ba69ce824b594d41f7bd032597b175d9bb
reciprocal_nomination	42:18	2:176		weak	2:176	42:18	42:18	cross_surah	label_target_note	ranked_review	Disputing over the Hour is distinct from disagreement in the Book.	focus_2_176_cutoff_100.tsv	27	dec451302e12f0deddf55febe33fba3b763aeddb4dd16cb8b571bf193c51490f
reciprocal_counterevidence	42:18	2:198		no value	2:198	42:18	42:18	cross_surah	label_target_note	ranked_review	Dalalah concerning the Hour adds no relevant element.	focus_2_198_cutoff_100.tsv	48	cb9100aa76c16f8300b721820b81f17c46b9e3ddef8eeeb7444a7032fdeb9bf2
reciprocal_nomination	42:18	3:60		medium	3:60	42:18	42:18	cross_surah	label_target_note	ranked_review	Contrasts knowing the Hour as al-haqq with miriya and contention.	focus_3_60_cutoff_100.tsv	18	cb0fa9b83b739aef2038078ab82766e388456d4dde971f87e03b6b34d54ad44d
reciprocal_nomination	42:18	3:61		medium	3:61	42:18	42:18	cross_surah	label_target_note	ranked_review	Contrasts recognized truth with persistent disputation over it.	focus_3_61_cutoff_100.tsv	59	ab09f82828532932d032c39b9a88865db5cb900dd5b8f78812427a471371da3c
reciprocal_nomination	42:18	3:62		medium	3:62	42:18	42:18	cross_surah	label_target_note	ranked_review	Truth is known amid dispute; ch001/ch007 reinforce the contest frame.	focus_3_62_cutoff_100.tsv	14	591fb09ebcd0359000184b175c23f985959d394254e4f8483d2c01f1b2959e7d
reciprocal_counterevidence	42:18	3:69		no value	3:69	42:18	42:18	cross_surah	label_target_note	ranked_review	The contrast route concerns dispute over the Hour, not the focus mechanism.	focus_3_69_cutoff_100.tsv	16	3b7889d4ab2eb79f0616ac5b36f3bdeda103c55c075ac00f12ec6b3c697fc2e3
reciprocal_nomination	42:18	3:164		weak	3:164	42:18	42:18	cross_surah	label_target_note	ranked_review	Distant error regarding the Hour only loosely echoes the focus's evident error.	focus_3_164_cutoff_100.tsv	48	c6e73ebc78d023130b65446524538bbe1d23733a8573324229cc9682f9233d35
reciprocal_nomination	42:18	4:44		weak	4:44	42:18	42:18	cross_surah	label_target_note	ranked_review	The remote-error statement lacks the focus's Book, purchase, and other-directed elements.	focus_4_44_cutoff_100.tsv	30	a77d8f0f5fed5a14791b5618818f1f4e5b89a3468395761178632df9dcd6d016
reciprocal_nomination	42:18	4:60		weak	4:60	42:18	42:18	cross_surah	label_target_note	ranked_review	Remote-misguidance wording overlaps, but the immediate subject is the Hour.	focus_4_60_cutoff_100.tsv	36	ef3ca3522c719fa4a0dab177007056d11fb0193ac96521cdebcbf2d62407babf
reciprocal_nomination	42:18	4:88		weak	4:88	42:18	42:18	cross_surah	label_target_note	ranked_review	Contrast evidence marks a boundary rather than support.	focus_4_88_cutoff_100.tsv	48	96711bccc84dcf8d0ca262333066cbd183a7745c9576f59153da50cf1f641fe4
reciprocal_nomination	42:18	4:104		medium	4:104	42:18	42:18	cross_surah	label_target_note	ranked_review	Believers' concern and knowledge of the Hour contrast with those who deny it, supplementing future orientation.	focus_4_104_cutoff_100.tsv	92	7d38baeedb104ee6453239e2c1a13ec6766104d42a688c12cc02c80a387ad136
reciprocal_nomination	42:18	4:113		weak	4:113	42:18	42:18	cross_surah	label_target_note	ranked_review	Karşıt bağlantı, sapma dilinin odaktaki saptırma teşebbüsüyle özdeşleştirilemeyeceği sınırı verir.	focus_4_113_cutoff_100.tsv	30	db08e405ba22a94b4c4790cbfb11dba5ebc2eebf306ebef25eda58dc1c34c9d8
reciprocal_nomination	42:18	4:116		weak	4:116	42:18	42:18	cross_surah	label_target_note	ranked_review	Boundary evidence only: far error is set against disputation over the Hour.	focus_4_116_cutoff_100.tsv	3	5fca29198ccdfe839a89a519062d901e6b743f21b6118359f4c36067a4182924
reciprocal_nomination	42:18	4:136		medium	4:136	42:18	42:18	cross_surah	label_target_note	ranked_review	Contrasts believers' recognition of the Hour with denial and far misguidance, directly informing the Last Day element.	focus_4_136_cutoff_100.tsv	57	b3b80201ef559bd6004e0750bbcba8c3915c8dc4238955da130b1dbf6b66521f
reciprocal_nomination	42:18	4:143		weak	4:143	42:18	42:18	cross_surah	label_target_note	ranked_review	Contrast evidence marks dispute as remote misguidance, not positive support.	focus_4_143_cutoff_100.tsv	39	42580f688a3ed8a73689d25e127e1c823da210681fb7ac8b6e1ee2dfae576c15
reciprocal_counterevidence	42:18	4:167		no value	4:167	42:18	42:18	cross_surah	label_target_note	ranked_review	The only V12 relation is contrast, so it is boundary evidence rather than support.	focus_4_167_cutoff_100.tsv	21	cfc0fd30ed9d348505d934ada1899bcc32796d8b19bf89571aa9f878a47b38e4
reciprocal_counterevidence	42:18	5:60		no value	5:60	42:18	42:18	cross_surah	label_target_note	ranked_review	Rejected contrast evidence supplies no positive or localized support.	focus_5_60_cutoff_100.tsv	48	91c3f6aec033f6efec9133b8ea7d8dfb4a286d9b54697caf25432496d652a57d
reciprocal_counterevidence	42:18	5:105		no value	5:105	42:18	42:18	cross_surah	label_target_note	ranked_review	Contrast-only route; the dispute about the Hour is not positive support.	focus_5_105_cutoff_100.tsv	38	56daa168316537a26dc7681c99196c7fe8f27861f631c5a60ed0809c307cf978
reciprocal_nomination	42:18	6:2		medium	6:2	42:18	42:18	cross_surah	label_target_note	ranked_review	Hour-dispute language bounds f02, but its V12 link is contrast rather than support.	focus_6_2_cutoff_100.tsv	51	0f748764b9a8d29bee2104ccd83b6508b0880666650db9811964d1885f99457a
reciprocal_nomination	42:18	6:15		medium	6:15	42:18	42:18	cross_surah	label_target_note	missing_ayah_suggestion	Shows those who believe as apprehensive of the approaching Hour.	focus_6_15_cutoff_100.tsv	151	a37e204b738148d5dc5175e1a4b5cd3571ac6015cd993034a3a5576eee0a8808
reciprocal_nomination	42:18	6:56		weak	6:56	42:18	42:18	cross_surah	label_target_note	ranked_review	Contrast V12 link only; dispute over the Hour is boundary evidence, not a focus parallel.	focus_6_56_cutoff_100.tsv	54	029552dbfa45b31231ec6f6fa6d940e717fbc7f114cb3bf5da51918caa1d66e0
reciprocal_nomination	42:18	6:57		strong	6:57	42:18	42:18	cross_surah	label_target_note	missing_ayah_suggestion	Directly identifies those who seek to hasten the Hour and contrasts them with believers who fear its truth.	focus_6_57_cutoff_100.tsv	163	05feff12844f36b8720b693e1efa9705425067cba02452433d7b9816264af9df
reciprocal_nomination	42:18	6:62		weak	6:62	42:18	42:18	cross_surah	label_target_note	ranked_review	The Hour's truth gives an eschatological boundary without the focus mechanism.	focus_6_62_cutoff_100.tsv	88	a7ac5ab68fb6f3604ca08e3317da8a345e07d5a9df4600dd6ac97870482ab4ec
reciprocal_counterevidence	42:18	6:74		no value	6:74	42:18	42:18	cross_surah	label_target_note	ranked_review	The contrast link is boundary evidence without a focal route.	focus_6_74_cutoff_100.tsv	80	5797b275e8996d7768fae525939fb7a465d519958fd202c81d327d8d79d5f720
reciprocal_nomination	42:18	6:109		medium	6:109	42:18	42:18	cross_surah	label_target_note	ranked_review	Contrasts belief and nonbelief in their response to the Hour, indirectly framing reception.	focus_6_109_cutoff_100.tsv	28	5f11e77f54b204b76e374ab731c083b5966a2d43bd4b342a6b5dbeeba1f590b4
reciprocal_nomination	42:18	6:114		weak	6:114	42:18	42:18	cross_surah	label_target_note	ranked_review	Dispute over the Hour is a secondary doubt parallel, not revelation's authority.	focus_6_114_cutoff_100.tsv	64	757290f7c87be37f1a4ebf810029691ce0bcf7e16e27aa99477e44a6eb8e3c26
reciprocal_nomination	42:18	6:116		weak	6:116	42:18	42:18	cross_surah	label_target_note	ranked_review	Contrast evidence concerns disputation about the Hour rather than the focus mechanism.	focus_6_116_cutoff_100.tsv	80	69894d911ed5bd5c29b47e5e98d3e9738c9df177da375e0973ea0a707dde3e4c
reciprocal_counterevidence	42:18	6:117		no value	6:117	42:18	42:18	cross_surah	label_target_note	ranked_review	Contrast-only b006 route is boundary evidence, not support.	focus_6_117_cutoff_100.tsv	90	5e8bb4752e4ebb07290315d4ff4bebdcf91334eafadff1883e763957ebd4602f
reciprocal_nomination	42:18	6:140		weak	6:140	42:18	42:18	cross_surah	label_target_note	ranked_review	Boundary evidence: dispute over the Hour is not the focus's false rulemaking.	focus_6_140_cutoff_100.tsv	66	4cfcd61d3cfef62de40e10d0347c9d921967bc4ac3a62597ea09d4c4ade34898
reciprocal_nomination	42:18	6:147		weak	6:147	42:18	42:18	cross_surah	label_target_note	ranked_review	Dispute over the Hour does not clarify mercy or unrepelled punishment.	focus_6_147_cutoff_100.tsv	56	bec2b97f12a570fba2dba2825e6b39f0c417b23d180502c1e7a93ea0bcd2e4de
reciprocal_nomination	42:18	6:158		strong	6:158	42:18	42:18	cross_surah	label_target_note	missing_ayah_suggestion	The Hour comes suddenly while they are unaware, directly supporting f01.	focus_6_158_cutoff_100.tsv	130	fc4c17e32c50daf24828e99582f58ee5a6e8e446d55605c790302c9ca71e4de3
reciprocal_nomination	42:18	7:30		medium	7:30	42:18	42:18	cross_surah	label_target_note	ranked_review	Contrast boundary: dispute over the Hour is marked as distant error, not positive route support.	focus_7_30_cutoff_100.tsv	51	cd930df9bb2fd28ab95d0e5a700e8596d7b8c0602987fa584ce28fce8e6d0877
reciprocal_counterevidence	42:18	7:60		no value	7:60	42:18	42:18	cross_surah	label_target_note	ranked_review	Boundary: distant disputation about the Hour, not the elite accusation pattern.	focus_7_60_cutoff_100.tsv	27	88cf3c736d932676a52e97f5240ddbdcb13c046bde5a130b1896d1f9f8f3fc35
reciprocal_nomination	42:18	7:61		weak	7:61	42:18	42:18	cross_surah	label_target_note	ranked_review	A boundary use of ضلال بعيد about disputing the Hour, not messenger accusation.	focus_7_61_cutoff_100.tsv	42	a14fe906b458787c16bbc0857b5829fe3449c58030f3d5c04daf6e2110ed3def
reciprocal_nomination	42:18	7:77		medium	7:77	42:18	42:18	cross_surah	label_target_note	missing_ayah_suggestion	Contrasts those who seek to hasten the Hour with those who believe and fear it.	focus_7_77_cutoff_100.tsv	165	ed3531ef95e1100d63b452c276542c203bfce22bb3e9c8dabdcc845259e4aa5d
reciprocal_nomination	42:18	7:149		weak	7:149	42:18	42:18	cross_surah	label_target_note	ranked_review	Boundary reading: dispute over the Hour is not a direct account of the focus's recognition.	focus_7_149_cutoff_100.tsv	45	9373c00796a5821c554f24f7c6f7442949879101527f8120d413a92caab31afe
reciprocal_nomination	42:18	7:155		weak	7:155	42:18	42:18	cross_surah	label_target_note	ranked_review	Boundary contrast on dispute and misguidance; no close focus route.	focus_7_155_cutoff_100.tsv	66	98c1575e52b102b3ab6224008837f2f728ad7596f1d81257e8382d4de398e4cb
reciprocal_nomination	42:18	7:159		weak	7:159	42:18	42:18	cross_surah	label_target_note	ranked_review	Knowledge that the Hour is الحق does not clarify the focus's social practice.	focus_7_159_cutoff_100.tsv	88	5e5942736ec48176fa576ed76dcfeb4eee41720a714b990abc8c3a7e3a8c8d61
reciprocal_nomination	42:18	7:178		weak	7:178	42:18	42:18	cross_surah	label_target_note	ranked_review	Distant error in final-hour dispute; V12 contrast root_000913:B001 is boundary evidence.	focus_7_178_cutoff_100.tsv	45	abbe4dbaf478b518e10d994ab22259838e110f029faad650c57f9056ad19e5c8
reciprocal_nomination	42:18	7:186		weak	7:186	42:18	42:18	cross_surah	label_target_note	ranked_review	Contrast boundary: distant loss occurs amid disputation over the Hour.	focus_7_186_cutoff_100.tsv	27	04a0b4fd2c1a175ad1ce2992469f9221297a07be982c948f886ab8f184ba1616
reciprocal_nomination	42:18	7:187		strong	7:187	42:18	42:18	cross_surah	label_target_note	missing_ayah_suggestion	Contrasts those who hasten the Hour with believers who fear its reality.	focus_7_187_cutoff_100.tsv	133	7bfb5df5711281458ebb4b09ec954a91c431a6443d911c5576165326353dea9f
reciprocal_nomination	42:18	8:4		weak	8:4	42:18	42:18	cross_surah	label_target_note	ranked_review	Truth and expectant fear form a distant boundary, not a direct 8:4 parallel.	focus_8_4_cutoff_100.tsv	51	71c6487843a9fcfac24a532e2dc625bc346eef6022c4fad97e7e7018b00bcf3c
reciprocal_nomination	42:18	8:7		medium	8:7	42:18	42:18	cross_surah	label_target_note	ranked_review	Contrasts unbelievers' demand for haste with believers' recognition that it is truth.	focus_8_7_cutoff_100.tsv	58	f00a8bb1ce61e83f45688a9268c68f6a84c7d9be24481cbe39a19b48762d6c43
reciprocal_nomination	42:18	8:17		weak	8:17	42:18	42:18	cross_surah	label_target_note	ranked_review	Knowledge and fear around the Hour do not clarify the focus.	focus_8_17_cutoff_100.tsv	95	4134cd4772b3f334a0419e24bd4c5b04608135d6411aec9e704c16d8ecd0db0c
reciprocal_nomination	42:18	8:32		medium	8:32	42:18	42:18	cross_surah	label_target_note	ranked_review	Contrasts hastening the Hour with recognizing it as true.	focus_8_32_cutoff_100.tsv	88	f7953b398667a6d128a30809d55cf504f1d9c54fa302b9f357243a5fc3d02fc6
reciprocal_counterevidence	42:18	9:42		no value	9:42	42:18	42:18	cross_surah	label_target_note	ranked_review	This contrast route marks a boundary, not positive support.	focus_9_42_cutoff_100.tsv	33	06d095b6c3756f569e7fe8940bb5ef53f5da241733843a73657e700242f5fe8c
reciprocal_nomination	42:18	9:45		weak	9:45	42:18	42:18	cross_surah	label_target_note	ranked_review	Contrasts belief with disputing the ساعة, but remains eschatological.	focus_9_45_cutoff_100.tsv	61	1c1a328c3ddcd3d4e1bacccc137e7f71c596ebeec276bca8f039dede33381ceb
reciprocal_nomination	42:18	9:52		medium	9:52	42:18	42:18	cross_surah	label_target_note	missing_ayah_suggestion	Those without faith seek the Hour's haste while believers regard it with fear.	focus_9_52_cutoff_100.tsv	135	c539cfaa3c708890b0fa1739a3171d485b1400d1b15054b67bccc4af9b85a00a
reciprocal_nomination	42:18	10:7		medium	10:7	42:18	42:18	cross_surah	label_target_note	ranked_review	Contrasts impatience about the Hour with knowing its reality.	focus_10_7_cutoff_100.tsv	11	799a526146a0189b07da7bdf4bb0a518e2b7a545c5384418f8ecd38b07f49c63
reciprocal_nomination	42:18	10:20		medium	10:20	42:18	42:18	cross_surah	label_target_note	missing_ayah_suggestion	Contrasts those who hasten the Hour with those who take its coming seriously.	focus_10_20_cutoff_100.tsv	127	b745cf260d0b5f9bb1b0e18cc3870df6738eedbbd96d1d2441d0c221975491a7
reciprocal_nomination	42:18	10:30		weak	10:30	42:18	42:18	cross_surah	label_target_note	ranked_review	Hour-dispute and ضلال offer only a broad final-scene association.	focus_10_30_cutoff_100.tsv	78	19b88bc229c83e16dd1067cac20b7893e22e11742cb765c846f524d68ec16d0e
reciprocal_nomination	42:18	10:32		medium	10:32	42:18	42:18	cross_surah	label_target_note	ranked_review	Al-haqq and al-dalal al-ba'id form a relevant contrast, while the rejected route remains boundary-only.	focus_10_32_cutoff_100.tsv	33	591867da21760af988503204ac066540e08f079ad9cd990d33a958eef90aa05a
reciprocal_nomination	42:18	10:36		medium	10:36	42:18	42:18	cross_surah	label_target_note	ranked_review	Contrasts knowledgeable recognition of the Hour's truth with disputation.	focus_10_36_cutoff_100.tsv	51	bf6db1eca080eeb0a20ed43b84e7372e1857f4e21c84f4ad70b21a9c9e55b472
reciprocal_nomination	42:18	10:48		strong	10:48	42:18	42:18	cross_surah	label_target_note	missing_ayah_suggestion	Explicitly contrasts those who hasten the Hour with those who know it is true.	focus_10_48_cutoff_100.tsv	121	7aa0ccfdf6792e6566c8958256a3aac96e32f3ec302a04ed324451e204e7e7e2
reciprocal_nomination	42:18	10:49		medium	10:49	42:18	42:18	cross_surah	label_target_note	missing_ayah_suggestion	Contrasts those who demand the Hour be hastened with those who fear it.	focus_10_49_cutoff_100.tsv	127	0c8a79839818e6000b363635911a3a658c604f3aca900cdc09deaea764c898ff
reciprocal_nomination	42:18	10:50		medium	10:50	42:18	42:18	cross_surah	label_target_note	ranked_review	Pairs hastening the Hour with contrasting fearful recognition of its truth.	focus_10_50_cutoff_100.tsv	52	942b1793cd16b769fe8f52c7a2a6bdeeb9a6b70d9c0bbea01ca56ffcb834afaa
reciprocal_nomination	42:18	10:51		strong	10:51	42:18	42:18	cross_surah	label_target_note	missing_ayah_suggestion	Directly contrasts those hastening the Hour with believers' apprehension of its reality.	focus_10_51_cutoff_100.tsv	123	df602b89c90796571379bc091d196d1dbc4068dcfc64bbc516b1718e274049dc
reciprocal_nomination	42:18	10:53		strong	10:53	42:18	42:18	cross_surah	label_target_note	missing_ayah_suggestion	Directly combines haste for the Hour, fear of it, and knowledge that it is true.	focus_10_53_cutoff_100.tsv	169	319fa3f918b670eb65a73cb749aa348521477d4a10d09b5ba429e1b15bb3ba67
reciprocal_nomination	42:18	10:55		strong	10:55	42:18	42:18	cross_surah	label_target_note	ranked_review	Contrasts urgency and dispute with knowing the Hour is true.	focus_10_55_cutoff_100.tsv	57	9f2865b0f7d1d8feb4d9dd3a86b78fabf5cb83939f533f41de7ca0a8c6a9e2eb
reciprocal_nomination	42:18	10:76		weak	10:76	42:18	42:18	cross_surah	label_target_note	ranked_review	Truth of the Hour is an indirect, different dispute.	focus_10_76_cutoff_100.tsv	51	2c2db67e1a9e0fce948e3cc8dfce91081a191efea8ab1fea2fb3ae163038da1a
reciprocal_nomination	42:18	10:77		weak	10:77	42:18	42:18	cross_surah	label_target_note	ranked_review	Affirms recognition of truth in an eschatological setting only.	focus_10_77_cutoff_100.tsv	58	b98177d658cc418c4ffb11a85502e75a770d9ce500a9a2583767f8ad4d6ea993
reciprocal_counterevidence	42:18	10:81		no value	10:81	42:18	42:18	cross_surah	label_target_note	ranked_review	No material connection to magic, repair, or corrupt action.	focus_10_81_cutoff_100.tsv	74	1fa22c572986c98566f74962803b45926b5091c11964ecd1e5560d8b1f073545
reciprocal_nomination	42:18	10:82		weak	10:82	42:18	42:18	cross_surah	label_target_note	ranked_review	Adds eschatological certainty, not the focus operation.	focus_10_82_cutoff_100.tsv	51	ddd26f268e743c7cf63b5d41e81b90e0634d64b66a076a666539edec220b01fd
reciprocal_nomination	42:18	10:88		weak	10:88	42:18	42:18	cross_surah	label_target_note	ranked_review	The available route is contrast-only; dispute over timing is not enough for a positive link.	focus_10_88_cutoff_100.tsv	87	20a239b7cb90ee8ed1c153b98aa2acbce968796c3e885bb2a5be2be9218a8aac
reciprocal_nomination	42:18	10:94		medium	10:94	42:18	42:18	cross_surah	label_target_note	ranked_review	Contrasts knowledge of truth with disputatious doubt, without the Book-reader link.	focus_10_94_cutoff_100.tsv	72	75c89cbe59edc458cecd4ddcdfad60568b1702980f60e5b76f94a1069757f787
reciprocal_nomination	42:18	10:96		medium	10:96	42:18	42:18	cross_surah	label_target_note	ranked_review	Contrasts nonbelief, belief, and dispute around an awaited reality.	focus_10_96_cutoff_100.tsv	83	d89cfcd27a146846209f312d8ae09f67cf0eba9fcc0765e1a613be0f2c84322a
reciprocal_counterevidence	42:18	10:108		no value	10:108	42:18	42:18	cross_surah	label_target_note	ranked_review	Its available links are mixed or contrastive, not a direct support route.	focus_10_108_cutoff_100.tsv	27	d50f7b6ca68f2d40bf5eb6bdbe6db2dc84e687f9b28a905e7dca87aeb4cda1ad
reciprocal_nomination	42:18	11:17		weak	11:17	42:18	42:18	cross_surah	label_target_note	ranked_review	Adds differing reactions to the Hour, tangential to 11:17.	focus_11_17_cutoff_100.tsv	27	9b6f64f4151304750bae349f28d3204256ba46f105044529b8814b2242719f51
reciprocal_nomination	42:18	11:33		medium	11:33	42:18	42:18	cross_surah	label_target_note	missing_ayah_suggestion	Directly identifies those who seek to hasten the Hour and contrasts their stance with belief in it.	focus_11_33_cutoff_100.tsv	152	edc0e933d375b6e0ac899f947513ae1c8342ee17e96ece782ed131d3cec70efa
reciprocal_nomination	42:18	11:68		weak	11:68	42:18	42:18	cross_surah	label_target_note	ranked_review	Distance language concerns disputation over the Hour, not banishment.	focus_11_68_cutoff_100.tsv	44	65715ae07e547ddacb329a225a9556d7f62e74d04b499209a7eeb6a29216f075
reciprocal_nomination	42:18	11:79		weak	11:79	42:18	42:18	cross_surah	label_target_note	ranked_review	Its mixed V12 reading concerns informed awareness of an approaching event, not the focus's social claim.	focus_11_79_cutoff_100.tsv	27	4e30fc4a08b7d59e156e16be8ee0de06edef607003d5873feaf614c67d659bef
reciprocal_nomination	42:18	11:122		medium	11:122	42:18	42:18	cross_surah	label_target_note	missing_ayah_suggestion	Hastening the Hour contrasts with alert expectation of its arrival.	focus_11_122_cutoff_100.tsv	127	c807dde547f1ce5671676b19610252e42ffc7e2fbc8677294464adb7488bc471
reciprocal_counterevidence	42:18	12:8		no value	12:8	42:18	42:18	cross_surah	label_target_note	ranked_review	12:8'in aile içi sevgi ve suçlama düzenine belirgin bir ek yapmaz.	focus_12_8_cutoff_100.tsv	42	83229eac86bdbbea210b956d717546f01cecf546fc36ebcc163287498f21ac5b
reciprocal_nomination	42:18	12:51		weak	12:51	42:18	42:18	cross_surah	label_target_note	ranked_review	Its future truth recognized before full appearance is only a broad thematic parallel.	focus_12_51_cutoff_100.tsv	45	dc52599a9e25bf0d229608e09fce8caf3763c7ed256e634b5f1f8018faad7bad
reciprocal_counterevidence	42:18	12:87		no value	12:87	42:18	42:18	cross_surah	label_target_note	ranked_review	Saat hakkındaki tartışma, 12:87'nin arama ve umutsuzluk bağlamına yeterince bağlanmaz.	focus_12_87_cutoff_100.tsv	91	f2591003b05b645ea2272569c38fab88c8c7f87f61d84085b5f25183ebf0f7aa
reciprocal_nomination	42:18	12:95		weak	12:95	42:18	42:18	cross_surah	label_target_note	ranked_review	يبقي الضلال البعيد في سياق جدال آخر، ولا يشرح وصف الضلال القديم.	focus_12_95_cutoff_100.tsv	30	c2fcc89b8b8f72e434767fc37d44df9ab8f290a6cb9704ab6bed2c98dba62d4b
reciprocal_nomination	42:18	13:1		weak	13:1	42:18	42:18	cross_surah	label_target_note	ranked_review	The Hour as الحق is a mixed f02 parallel, not a reading of the revealed book.	focus_13_1_cutoff_100.tsv	57	50c68628eaab0c63ce94370d1390296aed072842df4e76fd59fd273ad336f883
reciprocal_nomination	42:18	13:6		strong	13:6	42:18	42:18	cross_surah	label_target_note	missing_ayah_suggestion	Direct parallel: those without belief seek to hasten the Hour.	focus_13_6_cutoff_100.tsv	141	6e9e0aeee822c75fc1d3ed8fc2b9f1570252459f471db3fba63eee0219951c93
reciprocal_nomination	42:18	13:14		weak	13:14	42:18	42:18	cross_surah	label_target_note	ranked_review	Contributes only the broad association of al-haqq with distant going-astray.	focus_13_14_cutoff_100.tsv	42	bf44c5ae116dbbfa3be1bccdff906635b619b98b79eb99ec3b26d9108d10a4fa
reciprocal_nomination	42:18	13:17		weak	13:17	42:18	42:18	cross_surah	label_target_note	ranked_review	The weak truth route adds only an anticipatory timing contrast, not a process of separation.	focus_13_17_cutoff_100.tsv	60	2ac42fbb40e599116f0cca806cff65a0193360b9ca42b582a5b5f2df246fb162
reciprocal_nomination	42:18	13:27		medium	13:27	42:18	42:18	cross_surah	label_target_note	ranked_review	Gerçek hakkında aceleci çekişmeyi uzak sapma sayar; talebin aceleciliğine karşıt bir paralel sunar.	focus_13_27_cutoff_100.tsv	57	55bbeea51ecedc1634684283cae1a7fefeb32b2186e3357e25ef17c0d4940629
reciprocal_nomination	42:18	14:3		weak	14:3	42:18	42:18	cross_surah	label_target_note	ranked_review	Offers a contrary use of distant error around disputing the Hour, without route obstruction.	focus_14_3_cutoff_100.tsv	25	0c4a68a14bff6f4846e7b79153df4476840e11667116f1f60dfa7e81ae23660d
reciprocal_nomination	42:18	14:18		medium	14:18	42:18	42:18	cross_surah	label_target_note	ranked_review	Repeats far misguidance in relation to disputing the Hour.	focus_14_18_cutoff_100.tsv	33	14931b82f848fd31b9a1c3810a5c77d62ba4f8c79b8f52a85e3a7fab478e6661
reciprocal_nomination	42:18	14:22		weak	14:22	42:18	42:18	cross_surah	label_target_note	ranked_review	Only a general assertion that the Hour is حق.	focus_14_22_cutoff_100.tsv	48	74797be2d048e875ef8b149249db9cc3ee9c4456d37bf3799bc5ddcdfea5b216
reciprocal_nomination	42:18	14:30		weak	14:30	42:18	42:18	cross_surah	label_target_note	ranked_review	Uzak sapmayı bildirir; 14:30’daki eşler ve yol ilişkisine karşıt ama sınırlı katkıdır.	focus_14_30_cutoff_100.tsv	39	f3d4d91e4604f0cf60b04fbf2cfb9aba00fa1d1f6706bbacf8aa66f097239ce8
reciprocal_counterevidence	42:18	14:36		no value	14:36	42:18	42:18	cross_surah	label_target_note	ranked_review	Reddedilmiş tartışma rotası, sapma için olumlu destek oluşturmaz.	focus_14_36_cutoff_100.tsv	84	a6f97a778e10505c1297b6be13babbfbc1eada7fcbcfa351b5b8a228076678a6
reciprocal_nomination	42:18	15:56		weak	15:56	42:18	42:18	cross_surah	label_target_note	ranked_review	Its contrast reading uses distant dalal without clarifying qanat or rahma.	focus_15_56_cutoff_100.tsv	33	3c0eef9ce082c3d4b3a9446742f8c9a9c7c576d8721577219c256806a7e53f69
reciprocal_counterevidence	42:18	15:60		no value	15:60	42:18	42:18	cross_surah	label_target_note	ranked_review	No material connection.	focus_15_60_cutoff_100.tsv	100	4cabdd748d30a4449d267679a9785065803885c64695d187eeeda9c9ea512899
reciprocal_nomination	42:18	15:63		medium	15:63	42:18	42:18	cross_surah	label_target_note	ranked_review	Contrasts knowledge of the truth with contentious haste about the Hour.	focus_15_63_cutoff_100.tsv	18	5307c0002dc988042b36359ce097d906f2d7de6937a82f5e2ba44cbef338ac94
reciprocal_nomination	42:18	15:72		weak	15:72	42:18	42:18	cross_surah	label_target_note	ranked_review	Far error concerning the Hour is a general directional contrast only.	focus_15_72_cutoff_100.tsv	76	3f131938dde3cc9c67be5404a8ce64be391ccafc16ee385ac3d0c9b8bed4d054
reciprocal_nomination	42:18	16:1		strong	16:1	42:18	42:18	cross_surah	label_target_note	missing_ayah_suggestion	Those lacking faith hasten the Hour, while believers treat it as true and approach it with fear.	focus_16_1_cutoff_100.tsv	125	af77c999bcefd4ed0ad5b140cdecb703d412e195fd57e306f43f937607aee14b
reciprocal_nomination	42:18	16:38		medium	16:38	42:18	42:18	cross_surah	label_target_note	ranked_review	Directly contrasts knowledge of the Hour with disputation about it.	focus_16_38_cutoff_100.tsv	30	fd01b7e155426173d1e5afbcad6aaeba631303ffa4b5900960ef972fdb3cf155
reciprocal_nomination	42:18	16:39		medium	16:39	42:18	42:18	cross_surah	label_target_note	missing_ayah_suggestion	Skepticism about the Hour contrasts with knowledge of it.	focus_16_39_cutoff_100.tsv	193	f5078ed5b76f1826776c3e013c6b854af5f2450805800ad8e80dcc30e52aaa46
reciprocal_counterevidence	42:18	17:15		no value	17:15	42:18	42:18	cross_surah	label_target_note	ranked_review	The V12 relation is contrast evidence only, and the ayah does not independently clarify 17:15.	focus_17_15_cutoff_100.tsv	81	03134ebf51a7325533af001e44e29d0f756f7ed348512b07c856e4edac18c084
reciprocal_nomination	42:18	17:18		strong	17:18	42:18	42:18	cross_surah	label_target_note	missing_ayah_suggestion	Connects haste around the Hour with belief that treats its future weight as present and feared.	focus_17_18_cutoff_100.tsv	107	2f2f910e72ac73745768fcf37e93793994f646f81a34b6d260b059d45ee74e9c
reciprocal_nomination	42:18	17:48		weak	17:48	42:18	42:18	cross_surah	label_target_note	ranked_review	A contrary disputation about the Hour; it does not explain the named comparisons.	focus_17_48_cutoff_100.tsv	33	d9c0858d19087b473e01d9d086808fca295d6de9b6140e0ac2d04b6ac31f78d3
reciprocal_nomination	42:18	17:72		weak	17:72	42:18	42:18	cross_surah	label_target_note	ranked_review	Its distant ضلال is only a broad later-time contrast reading.	focus_17_72_cutoff_100.tsv	42	3647ed106e3fcd383e4a87ac79894d5584a3d40447d4a2e737817008b3f5eb10
reciprocal_nomination	42:18	17:81		weak	17:81	42:18	42:18	cross_surah	label_target_note	ranked_review	Saatin hak olduğunu bilme, gelecekteki hakka dair tutumu verir; 17:81'in batıl karşıtlığına uzak kalır.	focus_17_81_cutoff_100.tsv	75	354c2fc8b539038d3ab1ecd84888a98c9fd76b77208de730741185ae0de0ca51
reciprocal_nomination	42:18	17:97		weak	17:97	42:18	42:18	cross_surah	label_target_note	ranked_review	Distant loss around the Hour supports the eschatological frame only.	focus_17_97_cutoff_100.tsv	69	093e18cd493e54e93cb0db8cdcf6cb407ecc78089999241effb6995ba786bf47
reciprocal_nomination	42:18	18:22		medium	18:22	42:18	42:18	cross_surah	label_target_note	ranked_review	Explicitly portrays disputing an unseen future reality as error, paralleling the focus's restraint.	focus_18_22_cutoff_100.tsv	15	e7040aa427fc18e7c45b6626ed22514cad66207e4160cb19824f516659db0a0c
reciprocal_nomination	42:18	18:29		medium	18:29	42:18	42:18	cross_surah	label_target_note	ranked_review	İnananların Saat'in hak olduğunu bilmesi ile inkârcıların tartışması, hakikate iki karşıt tavır gösterir.	focus_18_29_cutoff_100.tsv	12	47b7e4d3199f9e16d1029b3110abf59e8a6616d02bc3c1d6c81ca88cfd8f31dc
reciprocal_nomination	42:18	18:36		medium	18:36	42:18	42:18	cross_surah	label_target_note	ranked_review	Contrasts doubting the Hour with believers who know it is true.	focus_18_36_cutoff_100.tsv	31	73334877ef36adb682e75b8cd34f9dc790cdb8ceb0d3b65055d38475c01ac323
reciprocal_nomination	42:18	18:44		medium	18:44	42:18	42:18	cross_surah	label_target_note	ranked_review	Believers know the Hour is the truth, connecting divine truth with the eschatological end.	focus_18_44_cutoff_100.tsv	27	38e73b01865abaed930700f9f779a55876c31f491e599324024d59e9cbd826b9
reciprocal_nomination	42:18	18:56		medium	18:56	42:18	42:18	cross_surah	label_target_note	ranked_review	It portrays unbelievers disputing the Hour while believers recognize its truth.	focus_18_56_cutoff_100.tsv	15	c17339ec45182fdfa28479f5ba38c80459cd184df892171c184f90db4517008e
reciprocal_nomination	42:18	19:34		medium	19:34	42:18	42:18	cross_surah	label_target_note	ranked_review	It joins knowledge that the Hour is truth with rebuke of those who dispute it, a useful general truth-and-dispute parallel.	focus_19_34_cutoff_100.tsv	48	53326cf94271ef8cd0c5ea815b5fba1604ab4a47f1c0129a5930fcbbe9cf9c02
reciprocal_nomination	42:18	19:38		medium	19:38	42:18	42:18	cross_surah	label_target_note	ranked_review	Those disputing the Hour are in distant error, contrasted with believers who know its reality.	focus_19_38_cutoff_100.tsv	30	6bbd5dc60f2ee637c991e43600256fdd93915089785c6e246300f6fe43361275
reciprocal_nomination	42:18	19:75		strong	19:75	42:18	42:18	cross_surah	label_target_note	ranked_review	Names those disputing the Hour as far astray while believers know it is true, directly supporting the focus's contrast.	focus_19_75_cutoff_100.tsv	39	56f93ff2e98c8d8bbb58caafed90bb00c2b7c3f1fa2595517c14b253966c7d0d
reciprocal_counterevidence	42:18	20:52		no value	20:52	42:18	42:18	cross_surah	label_target_note	ranked_review	Dispute over the Hour is not materially connected to knowledge retained in a book.	focus_20_52_cutoff_100.tsv	30	d825af80763038418ab6999c3bf4dedd76c16bfe8a339baf08cedbd08387616a
reciprocal_counterevidence	42:18	20:66		no value	20:66	42:18	42:18	cross_surah	label_target_note	ranked_review	Kıyameti acele isteme, sihirle görünür hareket konusuna katkı vermez.	focus_20_66_cutoff_100.tsv	72	3f7aa0f39f4423c442b182e97fbe2b2c57f49e3d479f6b5dcb76f839c0565d33
reciprocal_nomination	42:18	20:79		weak	20:79	42:18	42:18	cross_surah	label_target_note	ranked_review	Calling dispute about the Hour distant error is a general use of straying, not a leadership relation.	focus_20_79_cutoff_100.tsv	27	1ae7466e7f694f31b44d66a28375a1d49edd0a905c8bbfee66c281a8361fe451
reciprocal_nomination	42:18	20:85		weak	20:85	42:18	42:18	cross_surah	label_target_note	ranked_review	Hastening the Hour and distant misguidance provide only a loose verbal parallel to Musa's haste and the people's error.	focus_20_85_cutoff_100.tsv	30	3238d8da38117cceb6d1873270a12a98c70a70faac88de1405a93c67373a8150
reciprocal_counterevidence	42:18	20:92		no value	20:92	42:18	42:18	cross_surah	label_target_note	ranked_review	Disputing and hastening the Hour does not bear on the calf episode.	focus_20_92_cutoff_100.tsv	39	b4554fc75d6612c0242f1d440434703ab9d0a0e805acfa7f8bdc5bc063f4b855
reciprocal_nomination	42:18	20:114		medium	20:114	42:18	42:18	cross_surah	label_target_note	ranked_review	Those who disbelieve hasten the Hour while believers know it is true, joining haste, knowledge, and truth.	focus_20_114_cutoff_100.tsv	63	b87eea90bcafb46d77242bef08b6568b5215b27a7044a71798401278977c7e85
reciprocal_counterevidence	42:18	20:123		no value	20:123	42:18	42:18	cross_surah	label_target_note	ranked_review	Its distant misguidance in disputing the Hour does not add to the focus after earlier direct guidance contrasts.	focus_20_123_cutoff_100.tsv	45	90341e1de08a299abde655675b87d554a1add12d4380629019c3eef49e82dff5
reciprocal_nomination	42:18	21:28		medium	21:28	42:18	42:18	cross_surah	label_target_note	ranked_review	Believers' apprehension of the Hour is joined with recognizing its truth.	focus_21_28_cutoff_100.tsv	40	d884c9ddeb9ee2218ea5131e3b1580a5e88b6970fd5ed617ef059b78a6fae9db
reciprocal_nomination	42:18	21:37		strong	21:37	42:18	42:18	cross_surah	label_target_note	missing_ayah_suggestion	It contrasts unbelievers who seek to hasten the Hour with believers who know it is real, directly joining impatience, certainty, and reckoning.	focus_21_37_cutoff_100.tsv	109	2d2e6012793237b634c2ab4be92e523dca6b984b4efd0dd1843fc230390ece67
reciprocal_nomination	42:18	21:38		strong	21:38	42:18	42:18	cross_surah	label_target_note	missing_ayah_suggestion	It distinguishes those who seek the Hour hastened because they disbelieve from believers who know it is true and near.	focus_21_38_cutoff_100.tsv	113	99e881a9b8024e13645561438357e0103a713381019b0e767ec0ec071def57b0
reciprocal_nomination	42:18	21:40		strong	21:40	42:18	42:18	cross_surah	label_target_note	missing_ayah_suggestion	Those who do not believe seek to hasten the Hour, while believers fear its certainty.	focus_21_40_cutoff_100.tsv	127	649c06cdf107e3aa729b97e251dc2452e6e34f01b133c4c75de18152e2d9fb2f
reciprocal_nomination	42:18	21:49		strong	21:49	42:18	42:18	cross_surah	label_target_note	ranked_review	It explicitly joins believers' apprehension of the Hour to knowing it is true, sharply clarifying 21:49.	focus_21_49_cutoff_100.tsv	9	59fbd341b99ebbab54c62498a1cebc15f77c2c2813e3ced84c8712e6db6dd1c7
reciprocal_nomination	42:18	21:55		medium	21:55	42:18	42:18	cross_surah	label_target_note	ranked_review	It contrasts those who dispute the Hour with believers who know it is true, sharpening the focus's question about reality.	focus_21_55_cutoff_100.tsv	30	477872b83a7c8fb175b264563d36797e2ee1411eb05d91dfd4d8bad362da3fe3
reciprocal_nomination	42:18	21:97		medium	21:97	42:18	42:18	cross_surah	label_target_note	missing_ayah_suggestion	Those who do not believe seek to hasten the Hour, while believers fear it and know it is true; this directly frames the focus's reversal of unbelief.	focus_21_97_cutoff_100.tsv	136	8684f873dd8cb03696225c7583e225eb332d6a97f3eb61800c888567f721bf7e
reciprocal_nomination	42:18	21:109		strong	21:109	42:18	42:18	cross_surah	label_target_note	missing_ayah_suggestion	It contrasts those who seek to hasten the Hour with believers who fear it and know it is true.	focus_21_109_cutoff_100.tsv	140	1888de457e0ec5db0302c5a474313e9ce59235304bedd1ce34945fc2b54eb130
reciprocal_nomination	42:18	22:6		weak	22:6	42:18	42:18	cross_surah	label_target_note	ranked_review	It calls the Hour the truth and identifies dispute over it, offering a limited bridge to the focus's resurrection assertion.	focus_22_6_cutoff_100.tsv	42	8d1126077db8640f9d9f7321b972ecf162bd05cf3b681213ad5deb162ca5cdc4
reciprocal_nomination	42:18	22:7		strong	22:7	42:18	42:18	cross_surah	label_target_note	ranked_review	Contrasts believers who know the Hour is true with those who dispute and hasten it.	focus_22_7_cutoff_100.tsv	70	e230571f70a72a3cd8e455030638213bf03851400b428d38c2270654bbc5053c
reciprocal_nomination	42:18	22:12		weak	22:12	42:18	42:18	cross_surah	label_target_note	ranked_review	Distant error concerning dispute over the Hour is only a parallel use of the phrase.	focus_22_12_cutoff_100.tsv	24	948b95e5df060f6614e7e09b0d50adcd66f1e22b1dad99062870ebf48cc51bac
reciprocal_nomination	42:18	22:47		strong	22:47	42:18	42:18	cross_surah	label_target_note	missing_ayah_suggestion	It contrasts those who seek to hasten the Hour with believers who fear it and know it is true.	focus_22_47_cutoff_100.tsv	131	1888de457e0ec5db0302c5a474313e9ce59235304bedd1ce34945fc2b54eb130
reciprocal_nomination	42:18	22:53		medium	22:53	42:18	42:18	cross_surah	label_target_note	ranked_review	It calls disputation over the Hour far error, extending the focus's distant-divergence outcome.	focus_22_53_cutoff_100.tsv	27	7009ec835742c29878069e7563acd6d926830d399532b5288abbccda804fd63d
reciprocal_nomination	42:18	22:54		medium	22:54	42:18	42:18	cross_surah	label_target_note	ranked_review	It explicitly joins believers knowing the Hour is truth with their contrasting response to denial, paralleling recognition and faith.	focus_22_54_cutoff_100.tsv	67	eeef7ef5b950389bc050320dc9aec4cb6e7f34c16a974de86558df1daae43438
reciprocal_nomination	42:18	22:55		strong	22:55	42:18	42:18	cross_surah	label_target_note	ranked_review	It contrasts unbelievers who dispute and hasten the Hour with believers who know it is true and fear it.	focus_22_55_cutoff_100.tsv	84	58a476bf8267b5d4a95c7db845b273e23ff0bc1b0db53d72163181ae741d90db
reciprocal_nomination	42:18	22:62		weak	22:62	42:18	42:18	cross_surah	label_target_note	ranked_review	The differing attitudes toward the Hour do not substantially develop the focus.	focus_22_62_cutoff_100.tsv	37	06666e7d2e52e6ee5a8216b90d077b32a85300aea2547a341c9e3c5b92a152b3
reciprocal_nomination	42:18	22:74		weak	22:74	42:18	42:18	cross_surah	label_target_note	ranked_review	Believers recognize the Hour as true, but the verse does not address God's strength or the mismeasuring of Him.	focus_22_74_cutoff_100.tsv	33	20dc329cde716028a06c6e89ad704b48fe5dadd2b9003e2b524d54be86bd2be6
reciprocal_counterevidence	42:18	23:15		no value	23:15	42:18	42:18	cross_surah	label_target_note	ranked_review	The contrast evidence about disputing the Hour does not explain the certainty of death.	focus_23_15_cutoff_100.tsv	18	826032968c55a770f231677eaaa5a024d677c54b593cd8ec29f0e199e8771d9d
reciprocal_counterevidence	42:18	23:31		no value	23:31	42:18	42:18	cross_surah	label_target_note	ranked_review	Dispute over the Hour does not clarify the emergence of a later generation.	focus_23_31_cutoff_100.tsv	15	d8b90ea92a18e683080e597fc86c00290e32dd982822a9e5dec06becc5156794
reciprocal_nomination	42:18	23:41		weak	23:41	42:18	42:18	cross_surah	label_target_note	ranked_review	It contrasts believers' knowledge of the Hour's truth with disputants' remote error, only broadly related.	focus_23_41_cutoff_100.tsv	39	0d2cc131962347984753eb72fea35339711be95d3d25606e1258c8f248e1a87d
reciprocal_counterevidence	42:18	23:42		no value	23:42	42:18	42:18	cross_surah	label_target_note	ranked_review	Dispute about the Hour does not clarify successive generations.	focus_23_42_cutoff_100.tsv	15	4c327c66613afe562a8845c194be4f084b5080380e4c6f883d8e811eb58d0701
reciprocal_nomination	42:18	23:44		medium	23:44	42:18	42:18	cross_surah	label_target_note	ranked_review	Disbelief and dispute over the Hour add a contrary belief posture, but not the focus's messenger cycle.	focus_23_44_cutoff_100.tsv	48	679190fcd25400aa43ba61aeb6fd0f18950e2a3150340baca723a9e9c496972c
reciprocal_nomination	42:18	23:57		strong	23:57	42:18	42:18	cross_surah	label_target_note	ranked_review	Contrasts deniers with believers who are apprehensive of the Hour while knowing it is true.	focus_23_57_cutoff_100.tsv	10	2795bc17fbe3fd5d6ef93b230883181ba2e97b6a207df3bac405e2499a769139
reciprocal_nomination	42:18	23:70		weak	23:70	42:18	42:18	cross_surah	label_target_note	ranked_review	Calling the Hour truth gives a distant truth-and-disbelief parallel in another setting.	focus_23_70_cutoff_100.tsv	51	701170c3e94ffd475ebae42ddd1c56b1ab4f856287ac604b8d2c67e5bb35e5fc
reciprocal_nomination	42:18	23:90		weak	23:90	42:18	42:18	cross_surah	label_target_note	ranked_review	Recognition that the Hour is true gives a distant truth parallel, not the accusation and reversal in 23:90.	focus_23_90_cutoff_100.tsv	45	9bbb9d11df695c75939cf3e2154fdb1551a7a74c777e47e4f98d18b526e4b5e8
reciprocal_nomination	42:18	23:106		medium	23:106	42:18	42:18	cross_surah	label_target_note	ranked_review	Those who dispute the Hour are described as far astray, linking denial of judgment to the error acknowledged in the focus.	focus_23_106_cutoff_100.tsv	69	3379b3d0cd28e15335c8900a629ebbafb5fb32c621580fde6e53c5544a14822d
reciprocal_nomination	42:18	23:116		medium	23:116	42:18	42:18	cross_surah	label_target_note	ranked_review	Knowing the Hour is truth adds an eschatological dimension to the King's truth.	focus_23_116_cutoff_100.tsv	84	b5f1449897996719ce2f3822d2d8a0920c04afea8c8f55e58c7ae05111590ba6
reciprocal_nomination	42:18	24:25		strong	24:25	42:18	42:18	cross_surah	label_target_note	ranked_review	Believers know the Hour is true, closely matching the focus ayah's knowledge on that Day.	focus_24_25_cutoff_100.tsv	7	8b6c228f26838786337c53137131ad87e81b8be5d5ad1fe4e0657665d0336339
reciprocal_nomination	42:18	24:49		weak	24:49	42:18	42:18	cross_surah	label_target_note	ranked_review	Saatin hak olduğunu bilenlerle tartışanları ayırması, hakka farklı tepkilere genel bir paraleldir.	focus_24_49_cutoff_100.tsv	75	13ab75e36b13290819c6b2e5f152918dcf2a90a18d010e75cee7b49a9aca003a
reciprocal_nomination	42:18	25:9		weak	25:9	42:18	42:18	cross_surah	label_target_note	ranked_review	Disputing the Hour is a general form of distant error, not the focus's false depiction of the messenger.	focus_25_9_cutoff_100.tsv	30	6696ba40d5c4a78bc6ad056f8857e4129aaf2a5eb591dc1278fb349584ac5bb2
reciprocal_nomination	42:18	25:12		medium	25:12	42:18	42:18	cross_surah	label_target_note	ranked_review	Those disputing the Hour are in distant error, while the verse centers the very event they treat as remote.	focus_25_12_cutoff_100.tsv	45	27131f876fdda5ace8704f221433b89b3a71936b2b7e6aab4c9a0d78cd8ccf15
reciprocal_nomination	42:18	25:17		weak	25:17	42:18	42:18	cross_surah	label_target_note	ranked_review	Distant misguidance over disputing the Hour provides only a general judgment-day contrast.	focus_25_17_cutoff_100.tsv	30	9b370c8988fafc0cf86f95cc85d44b841501aaa16fb3d2f1613e72468a15beb4
reciprocal_nomination	42:18	25:34		weak	25:34	42:18	42:18	cross_surah	label_target_note	ranked_review	Being in far error regarding the Hour loosely shares the focus's distance-from-guidance language.	focus_25_34_cutoff_100.tsv	42	21a3561a3c30a34cd0c5c3179ec69e2c3a118baa02fb1459b98c75521f9e5176
reciprocal_nomination	42:18	25:42		weak	25:42	42:18	42:18	cross_surah	label_target_note	ranked_review	Dispute over the Hour and distant misguidance are only a general eschatological parallel.	focus_25_42_cutoff_100.tsv	84	5f07cceefbe16a03201b8690307898f611b18d4d6ef007e0d706e654bd10ae87
reciprocal_nomination	42:18	25:44		weak	25:44	42:18	42:18	cross_surah	label_target_note	ranked_review	Its far error over the Hour is only a general consequence of misguidance; its supplied route is contrast evidence.	focus_25_44_cutoff_100.tsv	45	90361a9bfa3ffda4bb8a68977c4516fcfe9c5eaa0d2223b41f6343bcf142fc7b
reciprocal_nomination	42:18	25:66		medium	25:66	42:18	42:18	cross_surah	label_target_note	ranked_review	It links disbelief about the Hour to far error, sharing the focus's eschatological warning horizon.	focus_25_66_cutoff_100.tsv	82	5ff1ceeb7c6b72a7e9326fbc48483ffa3db5e56c48c35c348da0bdbe7dd7765c
reciprocal_nomination	42:18	26:20		weak	26:20	42:18	42:18	cross_surah	label_target_note	ranked_review	Disbelievers disputing the Hour are called far astray in a different doctrinal setting.	focus_26_20_cutoff_100.tsv	18	e2d9c55faa8c5869f61b74f2453d8930b47b6e55f1383b548f8b7804f003488f
reciprocal_nomination	42:18	26:86		weak	26:86	42:18	42:18	cross_surah	label_target_note	ranked_review	Saat hakkında kuşkunun uzak sapma sayılması, sapma terimini taşır fakat baba ve bağışlanmaya ek açıklık getirmez.	focus_26_86_cutoff_100.tsv	36	3482f7a45b3ee20194617d08c7f74a13ca3ad16a2e1055876a5921d9837ce069
reciprocal_nomination	42:18	26:97		weak	26:97	42:18	42:18	cross_surah	label_target_note	ranked_review	It calls dispute about the Hour remote misguidance but does not develop the focus's late acknowledgment.	focus_26_97_cutoff_100.tsv	15	cf0933bbd697543f2bfcd3ceaea835bbd924526cfa6be151cf6209c3b0a25047
reciprocal_nomination	42:18	26:99		weak	26:99	42:18	42:18	cross_surah	label_target_note	ranked_review	Saat hakkında çekişmenin uzak sapma sayılması, 26:99'a yalnız geniş bir sapma örneği sunar.	focus_26_99_cutoff_100.tsv	24	2117d983bb70b2f6de0324dec23c6b3300d67f2f5b668111fd495db1b619dbe8
reciprocal_nomination	42:18	26:203		medium	26:203	42:18	42:18	cross_surah	label_target_note	missing_ayah_suggestion	Ona inanmayanların saati acele istemesi, 26:204'teki azap aceleciliğine paraleldir.	focus_26_203_cutoff_100.tsv	136	7b27f3e395e55c8568d774c3ec85edbfacdfe59b185e37ec834ad23abb3188e7
reciprocal_nomination	42:18	26:204		strong	26:204	42:18	42:18	cross_surah	label_target_note	missing_ayah_suggestion	Directly identifies disbelievers as seeking to hasten the Hour while believers fear it.	focus_26_204_cutoff_100.tsv	103	cfe703ec0e07df18ccd07431d16492cdf5e0adaf9f342c718e21327c65b7845c
reciprocal_nomination	42:18	26:206		strong	26:206	42:18	42:18	cross_surah	label_target_note	missing_ayah_suggestion	Those without faith seek to hasten the Hour, while believers fear it and know it is the truth.	focus_26_206_cutoff_100.tsv	152	92e8d4a439926ca68cbee99c7dc9671fe5a4714562f0502e769b00ef19ed74a5
reciprocal_counterevidence	42:18	27:37		no value	27:37	42:18	42:18	cross_surah	label_target_note	ranked_review	The dispute over the Hour does not illuminate the military response.	focus_27_37_cutoff_100.tsv	40	f6ddfc4769d290d6c17c7a9a0139d3d4798d65ed0a9add6aa78a79325395d9a7
reciprocal_nomination	42:18	27:71		strong	27:71	42:18	42:18	cross_surah	label_target_note	missing_ayah_suggestion	It says unbelievers seek to hasten the Hour while believers know it is true and fear it.	focus_27_71_cutoff_100.tsv	134	8f60df25c17488d1a65b7e25ef72b295ba9299119af521e42c4470cb889a6e86
reciprocal_nomination	42:18	27:72		strong	27:72	42:18	42:18	cross_surah	label_target_note	missing_ayah_suggestion	It contrasts disbelievers who seek to hasten the Hour with believers who fear it and know it to be true.	focus_27_72_cutoff_100.tsv	116	99b5210709af38be3c7c61dca4a2bbee63ca63aaa38eeca98da95c0d17ca4bcd
reciprocal_nomination	42:18	27:79		weak	27:79	42:18	42:18	cross_surah	label_target_note	ranked_review	Believers know the Hour is true, but its eschatological certainty is remote from the focus task.	focus_27_79_cutoff_100.tsv	33	8b5518d31084c032f79069af86d930fb1c34011a5e19a0b577b386a191e5eaf2
reciprocal_counterevidence	42:18	27:92		no value	27:92	42:18	42:18	cross_surah	label_target_note	ranked_review	Its imported route is contrast evidence and does not positively develop recitation, guidance, or warning.	focus_27_92_cutoff_100.tsv	27	bd9a13deb54181cbae8e4c6bfa0ff4c78ac88a5515f27bed519aac8da21d35c0
reciprocal_nomination	42:18	28:3		weak	28:3	42:18	42:18	cross_surah	label_target_note	ranked_review	Shows believers recognizing an approaching truth, but lacks the focus's narrated-news structure.	focus_28_3_cutoff_100.tsv	28	0a3fc56e125b3a4cddf4892e7c2a5de322389edfc48670e1ecccdde76e17e641
reciprocal_nomination	42:18	28:15		weak	28:15	42:18	42:18	cross_surah	label_target_note	ranked_review	Uzak sapıklık ve kıyamet tartışması, odak ayetteki şeytani saptırmayı doğrudan açmaz.	focus_28_15_cutoff_100.tsv	48	4016a1462cd5436714a6369f70a8760ec36352426459c08ce1f19547b164fb59
reciprocal_nomination	42:18	29:5		strong	29:5	42:18	42:18	cross_surah	label_target_note	missing_ayah_suggestion	Contrasts demands to hasten the Hour with believers' fear and certainty.	focus_29_5_cutoff_100.tsv	193	6eda4612d3405ef17159ce95145110fe5d821d4a3be699d24d4cef619aa75252
reciprocal_nomination	42:18	29:53		strong	29:53	42:18	42:18	cross_surah	label_target_note	missing_ayah_suggestion	Inanmayanlarin Saati acele istemesini, inananlarin ise ondan korkmasini ve onun hak oldugunu birlikte aciklar.	focus_29_53_cutoff_100.tsv	121	841786bbaa264e6787e3aa15650100a8a10db20e910774554aaf497be29afd06
reciprocal_nomination	42:18	29:68		weak	29:68	42:18	42:18	cross_surah	label_target_note	ranked_review	Believers know the Hour is true while its disputants are far astray, a secondary truth-denial contrast.	focus_29_68_cutoff_100.tsv	72	7cf90886842bb7de3d8dba233bb5a4745c9c3aacd11f55505f12e4da43bfaf64
reciprocal_counterevidence	42:18	30:29		no value	30:29	42:18	42:18	cross_surah	label_target_note	ranked_review	Its dispute about the Hour and distant error does not materially specify desire, knowledge, or lack of helpers.	focus_30_29_cutoff_100.tsv	39	74d345adb490d954d330e607c4c3b50fe50953f0f9eeae5feed0eaabddcbb197
reciprocal_counterevidence	42:18	30:53		no value	30:53	42:18	42:18	cross_surah	label_target_note	ranked_review	Disputing and hastening the Hour does not clarify the focus.	focus_30_53_cutoff_100.tsv	54	87075d90165f457d8431faf9fc24b1ee8a1f79e664fd7f3e200252b45e4c4a24
reciprocal_nomination	42:18	30:60		medium	30:60	42:18	42:18	cross_surah	label_target_note	ranked_review	It contrasts impatient mockery with believers who know the Hour is true, closely paralleling the focus's final warning.	focus_30_60_cutoff_100.tsv	69	eb8ab39b6e096dfd4a00d4aa3806361f335b036eb843a801e40feb8d844e84b1
reciprocal_counterevidence	42:18	31:16		no value	31:16	42:18	42:18	cross_surah	label_target_note	ranked_review	Dispute over the Hour does not add to the focus's hidden object or divine retrieval.	focus_31_16_cutoff_100.tsv	37	272c813c3726196d13f3ee13c73a831c6b88332b96f460fb7692ad448eb6b04f
reciprocal_nomination	42:18	32:28		medium	32:28	42:18	42:18	cross_surah	label_target_note	missing_ayah_suggestion	Shows disbelievers seeking to hasten the Hour while believers recognize it as true and near.	focus_32_28_cutoff_100.tsv	120	77dcae25c46abf26d31f9c7ae7aceeb5205d8eb6933ae6326954a69e0f1240ee
reciprocal_nomination	42:18	33:4		weak	33:4	42:18	42:18	cross_surah	label_target_note	ranked_review	Knowledge that the Hour is truth is only a broad truth parallel.	focus_33_4_cutoff_100.tsv	60	8b08f7ad44c749ce44c62f020c7cc6f3b231a4e08b7a135c1d62e0a50868cd38
reciprocal_nomination	42:18	33:36		weak	33:36	42:18	42:18	cross_surah	label_target_note	ranked_review	Distant straying over the Hour is only a broad counterpart to the focus's manifest straying.	focus_33_36_cutoff_100.tsv	36	7e7e5d2a1ea54f75ccef55c1858efc3ae61072945d20847d8a3597f2d1b91758
reciprocal_nomination	42:18	33:63		strong	33:63	42:18	42:18	cross_surah	label_target_note	ranked_review	Contrasts unbelievers hastening the Hour with believers who fear it and know it is true.	focus_33_63_cutoff_100.tsv	74	53ffacb9e96a6b9b2a991b2b1dec854a1692e0f61eddf037d63c7b7895a8bc7c
reciprocal_nomination	42:18	33:67		medium	33:67	42:18	42:18	cross_surah	label_target_note	ranked_review	It places those disputing the Hour in distant misguidance, adding an eschatological path frame without leadership.	focus_33_67_cutoff_100.tsv	42	c4a871abf1b562edccbf4cc380179c176d588e1ea743aff7bb8927c91aea5a05
reciprocal_nomination	42:18	33:72		medium	33:72	42:18	42:18	cross_surah	label_target_note	ranked_review	Believers' fearful recognition of the Hour contrasts with those who dismiss it, sharpening fear joined to knowledge rather than ignorance.	focus_33_72_cutoff_100.tsv	61	5600652f83ad6ef8333e8797ce95519e70ceffd314f666fa8cb1232a9eefd6e0
reciprocal_nomination	42:18	34:23		medium	34:23	42:18	42:18	cross_surah	label_target_note	ranked_review	Believers recognize the Hour as truth while others dispute it, a broader recognition-of-truth parallel.	focus_34_23_cutoff_100.tsv	30	73a7d0ef1f9fbe671ebd6b831b111620c2deeb234b4127c2cd6192f42e0dfdce
reciprocal_nomination	42:18	34:29		strong	34:29	42:18	42:18	cross_surah	label_target_note	missing_ayah_suggestion	It says that those without faith seek to hasten the Hour while believers know it is real.	focus_34_29_cutoff_100.tsv	131	e9df14ee61c2874c0f64e9d3a5add55ef2a5af1a0e0ea1181fad6a010852d302
reciprocal_nomination	42:18	34:30		strong	34:30	42:18	42:18	cross_surah	label_target_note	missing_ayah_suggestion	Deniers seek to hasten the Hour while believers fear it and know it is true.	focus_34_30_cutoff_100.tsv	116	075724f4f7dcff1ca1a55005cc1f741c3cda1af6bf151e3305ae2d9ab95de44a
reciprocal_nomination	42:18	34:49		weak	34:49	42:18	42:18	cross_surah	label_target_note	ranked_review	Believers know the Hour is true, but the ayah does not address truth arriving against falsehood.	focus_34_49_cutoff_100.tsv	45	6aa0b6829bb5d3251d6732f74125966a874a1c389543cbd2fc005a9a1379dd5b
reciprocal_nomination	42:18	34:50		weak	34:50	42:18	42:18	cross_surah	label_target_note	ranked_review	The reject reading is contrary boundary evidence for f01 [v12:tr:f-42_18-002].	focus_34_50_cutoff_100.tsv	87	9bb43acc206f40b842e1307e94a9f4287d82371ec3be915f6a1e07f0da1fe1b3
reciprocal_nomination	42:18	34:52		weak	34:52	42:18	42:18	cross_surah	label_target_note	ranked_review	It contrasts believers who know the Hour with deniers who dispute it, but its supplied route is contrast evidence.	focus_34_52_cutoff_100.tsv	27	78a08208f36e4c1afd61ec127af277e732c5572b72402a8477e41fb1a1f8e869
reciprocal_nomination	42:18	34:53		medium	34:53	42:18	42:18	cross_surah	label_target_note	ranked_review	It contrasts believers' certainty about the Hour with unbelievers disputing it in far misguidance.	focus_34_53_cutoff_100.tsv	43	10cb7cb69e3c3d70566aeccca219c1f4e8b49663246be5920a370fba8e3dbe8f
reciprocal_nomination	42:18	35:5		strong	35:5	42:18	42:18	cross_surah	label_target_note	ranked_review	It contrasts unbelievers hastening the Hour with believers knowing it is true.	focus_35_5_cutoff_100.tsv	18	8eb6151f94053df21b28b16829a9cf4db42222d7f649870f011dc94368bdda88
reciprocal_nomination	42:18	35:8		medium	35:8	42:18	42:18	cross_surah	label_target_note	ranked_review	It contrasts believers who know the Hour is true with deniers in distant misguidance.	focus_35_8_cutoff_100.tsv	79	f3da075f96e04bb7f2d996db096daa5773756b334faf79c87ffcac1915b150c0
reciprocal_nomination	42:18	36:24		weak	36:24	42:18	42:18	cross_surah	label_target_note	ranked_review	Its rejected dispute-over-the-Hour reading concerns distant misguidance, not the focus's worship decision.	focus_36_24_cutoff_100.tsv	33	b7223aa4505a7a12a578f564ff6e4be7c84c2d4ecddfb19f26b387a32965ce6a
reciprocal_nomination	42:18	36:48		medium	36:48	42:18	42:18	cross_surah	label_target_note	missing_ayah_suggestion	It contrasts those who seek the Hour hastened with believers who fear it and know it true.	focus_36_48_cutoff_100.tsv	121	d21e075a9fc4c6f97e452748aca34443bbc8f50806dc2b4fb75556d7cab846a8
reciprocal_counterevidence	42:18	36:62		no value	36:62	42:18	42:18	cross_surah	label_target_note	ranked_review	The retained reading is contrast evidence and does not positively support the focus's account.	focus_36_62_cutoff_100.tsv	54	fca2491206444d08ba4eda31dc6d219fcaa37e80fe212c5634f54bb094449439
reciprocal_nomination	42:18	37:69		weak	37:69	42:18	42:18	cross_surah	label_target_note	ranked_review	It calls disputing the Hour a distant error, a general form of misguidance.	focus_37_69_cutoff_100.tsv	18	f4069fc1f8c6c0322bcb59fd690ed529ceac31c3c9b5bc8bd7e9b7f931c73536
reciprocal_nomination	42:18	38:16		medium	38:16	42:18	42:18	cross_surah	label_target_note	missing_ayah_suggestion	Those who do not believe seek to hasten the Hour, whereas believers fear it and know it is true.	focus_38_16_cutoff_100.tsv	132	1408183de9b8de2a8e32ef19230267a2dc60e50744529e1ee0ee399b4c85f79a
reciprocal_nomination	42:18	38:26		medium	38:26	42:18	42:18	cross_surah	label_target_note	ranked_review	Disputing the Hour is described as distant misguidance while believers know it as true.	focus_38_26_cutoff_100.tsv	57	37756e74f0c74957841e5605a750b3198e0ad733056020bb0b9e93959b0d1fbc
reciprocal_nomination	42:18	38:64		medium	38:64	42:18	42:18	cross_surah	label_target_note	ranked_review	Contrasts believers who know the Hour is true with those who dispute it, supporting the focus's certainty.	focus_38_64_cutoff_100.tsv	42	7fe13560ea48bb2598f8acb4d372b9a203cabce42bf92f728bfb83a2429bcf2c
reciprocal_nomination	42:18	38:84		medium	38:84	42:18	42:18	cross_surah	label_target_note	ranked_review	It identifies the coming Hour as truth, supporting the certainty of the announced judgment.	focus_38_84_cutoff_100.tsv	21	d54619bc4a0fbcdeedb95f56cb16aa539571d23f65b408259d65723b411e6768
reciprocal_nomination	42:18	39:8		weak	39:8	42:18	42:18	cross_surah	label_target_note	ranked_review	Dispute about the Hour and distant error only generally echo the focus's end warning.	focus_39_8_cutoff_100.tsv	87	7375a2ce2c610e34707de8ec248d2bf2c80c54c98d243333f0d3946330afd405
reciprocal_nomination	42:18	39:13		strong	39:13	42:18	42:18	cross_surah	label_target_note	missing_ayah_suggestion	Believers are apprehensive of the Hour and know that it is true.	focus_39_13_cutoff_100.tsv	136	ecb481c14bc613c2f41ac8b76bc6c6dfd115c2f35e0a15772be63370c994f791
reciprocal_nomination	42:18	39:37		weak	39:37	42:18	42:18	cross_surah	label_target_note	ranked_review	Calling dispute over the Hour far error is a limited contrastive use of misguidance.	focus_39_37_cutoff_100.tsv	78	7a51458feb3ada794c930dffa55a186a4ded08d8a8c6a8897a29156f8a5701c7
reciprocal_counterevidence	42:18	39:41		no value	39:41	42:18	42:18	cross_surah	label_target_note	ranked_review	Disputing about the Hour and distant loss do not explain the focus's Book, self, or custodial themes.	focus_39_41_cutoff_100.tsv	51	c4a29fc081b226dad5ffb09afe072daa6a8caed42f1aa29cee9ed3c5df5e52c1
reciprocal_nomination	42:18	40:6		medium	40:6	42:18	42:18	cross_surah	label_target_note	ranked_review	It joins disbelief in the Hour with distant error while believers know it is true, framing the coming judgment.	focus_40_6_cutoff_100.tsv	27	9158fd37f0fe012c27c38c91dda34bb7b516afdad5da40715a1c140241a6f4d5
reciprocal_nomination	42:18	40:20		weak	40:20	42:18	42:18	cross_surah	label_target_note	ranked_review	The believers' recognition that the Hour is true gives a limited eschatological link to judgment.	focus_40_20_cutoff_100.tsv	69	d07ac9d6a1670fbc151ed58d7c57d6253d312c71e4e7d87cbe37131c29ad9a60
reciprocal_nomination	42:18	40:25		weak	40:25	42:18	42:18	cross_surah	label_target_note	ranked_review	Error follows dispute over the Hour, not a hostile plan against believers.	focus_40_25_cutoff_100.tsv	36	0f89fa0c4d27ea345d379ad075b88f5260be27ede2926e504c8f925bae5524fa
reciprocal_nomination	42:18	40:33		weak	40:33	42:18	42:18	cross_surah	label_target_note	ranked_review	Dispute over the Hour and distant error give only a broad judgment-day parallel.	focus_40_33_cutoff_100.tsv	30	cb31854b75cdedc7f60769216d30ee5534b3d0b1f10aadb9ab1310ad6220e449
reciprocal_nomination	42:18	40:50		weak	40:50	42:18	42:18	cross_surah	label_target_note	ranked_review	Disputing the Hour is a broad form of being in distant error, not the focus's specific judgment.	focus_40_50_cutoff_100.tsv	30	2c6372fcf399b8301070aa893169787d3fd4d5868d540dc29fbeded6449abf6d
reciprocal_nomination	42:18	40:59		strong	40:59	42:18	42:18	cross_surah	label_target_note	ranked_review	It contrasts believers' certainty about the Hour with disbelievers' haste and dispute over it.	focus_40_59_cutoff_100.tsv	17	085208a6e91e4703325651604db2b51870205a2374bf818bf4d3651542a59b39
reciprocal_nomination	42:18	40:75		weak	40:75	42:18	42:18	cross_surah	label_target_note	ranked_review	Contrasts recognition of the coming truth with disputing it, but does not address exultation.	focus_40_75_cutoff_100.tsv	18	2fb1b619e17f27242280cfcfaeb361853eb1455fbd5c4161cf66ef602a11092e
reciprocal_nomination	42:18	41:29		weak	41:29	42:18	42:18	cross_surah	label_target_note	ranked_review	Disputing the Hour is called remote misguidance, supplying only a general eschatological backdrop.	focus_41_29_cutoff_100.tsv	60	a6a9752445c59ea87ef495678d3170cc5d9b29504b05be3e82eb244881c6eb75
reciprocal_nomination	42:18	41:44		medium	41:44	42:18	42:18	cross_surah	label_target_note	ranked_review	It contrasts believers who know the truth with disputers in far error, reinforcing the focus's belief-distance opposition.	focus_41_44_cutoff_100.tsv	31	7b1632b1b1eecef41381975a3d676dc1365e2ba900ec1cb154dc339a68683551
reciprocal_nomination	42:18	41:52		strong	41:52	42:18	42:18	cross_surah	label_target_note	ranked_review	Disputing the Hour is explicitly called distant misguidance, strongly paralleling the focus's distant schism.	focus_41_52_cutoff_100.tsv	54	20bcf9bd4eed7dbb4757b3bd069c3fdad1d4a60635c0fbb60dbcf66db77cc649
reciprocal_nomination	42:18	41:53		strong	41:53	42:18	42:18	cross_surah	label_target_note	ranked_review	Believers know the Hour is truth while doubters dispute it; this is a close doctrinal counterpart to the focus's eventual clarification.	focus_41_53_cutoff_100.tsv	78	99404308f1df4c3ed93c724dbbdeeed270da57170681f43471585ae05df4d19b
reciprocal_nomination	42:18	41:54		strong	41:54	42:18	42:18	cross_surah	label_target_note	ranked_review	Disputing the Hour despite believers knowing its truth closely parallels doubt before the final encounter.	focus_41_54_cutoff_100.tsv	43	226e4aba17bf94e8730e9b07cce79bb2c9cb0da9855012a5c2a76274dc6bc309
reciprocal_nomination	42:18	42:7		medium	42:7	42:18	42:18	same_surah	label_target_note	ranked_review	Same-surah contrast between believers certain of the Hour and deniers disputing it supports the warning's urgency.	focus_42_7_cutoff_100.tsv	77	cb65d367b375da72cbef2ef2d9cffe9dea99045ad2a41fb4389297fc2d97fa24
reciprocal_counterevidence	42:18	42:13		no value	42:13	42:18	42:18	same_surah	label_target_note	ranked_review	Its discussion of the Hour does not materially clarify the focus reading.	focus_42_13_cutoff_100.tsv	89	ab94bfb618966f290934477d873c09a6cfa9af95ca14fb62793f6b041582d6fa
reciprocal_nomination	42:18	42:16		strong	42:16	42:18	42:18	same_surah	label_target_note	ranked_review	The adjacent passage characterizes disputing the Hour as remote error while believers recognize its truth.	focus_42_16_cutoff_100.tsv	5	bc4d61681a7d42ad791a47d85a9d93727d07a248e818bbf6bd85c2d665ebfa6d
reciprocal_nomination	42:18	42:17		strong	42:17	42:18	42:18	same_surah	label_target_note	ranked_review	Aynı bağlamda Saatin hak olduğunun bilinmesi ve onun üzerinde tartışmanın sapma sayılması, odak ayetin en yakın devamıdır.	focus_42_17_cutoff_100.tsv	23	4e56d82746dce0fdf36aa3c03d53a66d55148d472670f9eb8185d7cd3b3e4f2a
reciprocal_nomination	42:18	42:20		medium	42:20	42:18	42:18	same_surah	label_target_note	ranked_review	Nearby imminence of the Hour makes the focus's Hereafter horizon concrete.	focus_42_20_cutoff_100.tsv	41	1b9ed7bc65b777b517f8d8a6154d2d991104378bb9ab8ae64fbca17563effa37
reciprocal_nomination	42:18	42:21		medium	42:21	42:18	42:18	same_surah	label_target_note	ranked_review	The contrast between those who rush the Hour and believers who know it true reinforces deferred final judgment.	focus_42_21_cutoff_100.tsv	29	c0fabfc46e9640565d8723037321d0540d836e3abbb4faa2120b5858ffa43836
reciprocal_nomination	42:18	42:22		medium	42:22	42:18	42:18	same_surah	label_target_note	ranked_review	The nearby believers' fear of the Hour contrasts with denial and sharpens the focus's fearful scene.	focus_42_22_cutoff_100.tsv	53	27f9e2cb28d74a7f15fa11d698168d1f3fb25443e01787791b510fef250c8ae0
reciprocal_nomination	42:18	42:24		medium	42:24	42:18	42:18	same_surah	label_target_note	ranked_review	The nearby contrast between believers who know the Hour is true and disputers supports the focus's truth setting.	focus_42_24_cutoff_100.tsv	14	d2ede4369d485af1496b073fd260aa60bb92b688378c350a6cc3226e13d1bbab
reciprocal_counterevidence	42:18	42:33		no value	42:33	42:18	42:18	same_surah	label_target_note	ranked_review	Dispute about the Hour does not clarify the sea-travel sign or its patient-grateful audience.	focus_42_33_cutoff_100.tsv	29	c984c0225d7109ee1e865154b3838f38b7ed72df72a4efb22c2614b9deb0e0af
reciprocal_counterevidence	42:18	42:38		no value	42:38	42:18	42:18	same_surah	label_target_note	ranked_review	Belief or dispute about the Hour does not clarify the focus's communal response and practice.	focus_42_38_cutoff_100.tsv	65	642439cdc1029884b029efe89a5f7438d07582f29a672af04b3f25bc0f6db754
reciprocal_nomination	42:18	42:44		medium	42:44	42:18	42:18	same_surah	label_target_note	ranked_review	It places disputants about the Hour in far error while believers know it is true, supplying the judgment horizon that the focus makes visible.	focus_42_44_cutoff_100.tsv	32	970dcc31bd1e8290a35b803c3550b77741049431c9328763cf1caaa5f52749a8
reciprocal_nomination	42:18	42:46		weak	42:46	42:18	42:18	same_surah	label_target_note	ranked_review	Dispute over the Hour is called far error, but this contrast evidence does not explain the focus's no-path formula.	focus_42_46_cutoff_100.tsv	23	4da15cbe57e7b260b87dfa95875b74a6ef275d1134fca519d5336049194a9c14
reciprocal_counterevidence	42:18	42:49		no value	42:49	42:18	42:18	same_surah	label_target_note	ranked_review	The disputed Hour does not illuminate reproductive gift or sexed creation.	focus_42_49_cutoff_100.tsv	32	16c2a031cbebb460cc50e80fd50c7423a7100d269e7255086ac28d27e3f91ff5
reciprocal_counterevidence	42:18	42:50		no value	42:50	42:18	42:18	same_surah	label_target_note	ranked_review	The dispute over the Hour has no material connection to fertility or pairing.	focus_42_50_cutoff_100.tsv	14	7dde80e56d36df983a2a59f88d5a876905d28da7bbeb5b0ec0b78cbf7b51ed74
reciprocal_counterevidence	42:18	42:51		no value	42:51	42:18	42:18	same_surah	label_target_note	ranked_review	Its response to the Hour does not materially clarify the focus's communication framework.	focus_42_51_cutoff_100.tsv	23	97b21e5c1f60429b0fa96f4d2990b0b2e3c4e2bf9d42472ff3b86de1ced3fec5
reciprocal_nomination	42:18	43:29		weak	43:29	42:18	42:18	cross_surah	label_target_note	ranked_review	It contrasts those who dispute the Hour with believers who know it is true.	focus_43_29_cutoff_100.tsv	45	807de4a902e1f74e9a3554629f9b9724310fbf1d0421366ff29bb38be1bf63a5
reciprocal_nomination	42:18	43:30		weak	43:30	42:18	42:18	cross_surah	label_target_note	ranked_review	Believers recognize the Hour as truth while disputants resist it, only indirectly echoing the focus.	focus_43_30_cutoff_100.tsv	39	3514352605c877c440fc9df6f91fd2f72fe04985415617b4e6089a057f87a393
reciprocal_counterevidence	42:18	43:40		no value	43:40	42:18	42:18	cross_surah	label_target_note	ranked_review	Its dispute about the Hour and distant error do not address receptive hearing or guidance.	focus_43_40_cutoff_100.tsv	21	bfd6031ba1bcdb25120a56f8bd230e1f3584c05080f377af9d8dbdb2da90b4a8
reciprocal_nomination	42:18	43:61		strong	43:61	42:18	42:18	cross_surah	label_target_note	ranked_review	It explicitly contrasts believers' recognition of the Hour's truth with those who dispute it.	focus_43_61_cutoff_100.tsv	13	fe79d080ae75ea00cd58b9366ee169686dd41a6f45485b6e70166025e3015f1d
reciprocal_nomination	42:18	43:66		strong	43:66	42:18	42:18	cross_surah	label_target_note	ranked_review	It contrasts doubters who hasten the Hour with believers who know it is true and fear it.	focus_43_66_cutoff_100.tsv	59	296c7a673047c33d569fb88c59e5329fc340f9b6269ecb4ece47b3fe87f2ab72
reciprocal_nomination	42:18	43:78		medium	43:78	42:18	42:18	cross_surah	label_target_note	ranked_review	It distinguishes believers who know the Hour is true from those who dispute it, making refusal of truth eschatological.	focus_43_78_cutoff_100.tsv	12	7ce4217777c80b2051a3f8c059a0955dc5918bad719586d252320624c2e0b07e
reciprocal_nomination	42:18	43:83		strong	43:83	42:18	42:18	cross_surah	label_target_note	missing_ayah_suggestion	Saate inanmayanların onu acele istemesi karşısında müminlerin ondan kaygı duyması, odaktaki karşıt tavırları belirginleştirir.	focus_43_83_cutoff_100.tsv	122	4ddb4bef4734c68e2de1b57bf8e99dcee116eb480e31ef49a8186ace7a4cf98f
reciprocal_nomination	42:18	43:86		medium	43:86	42:18	42:18	cross_surah	label_target_note	ranked_review	Believers know the Hour is true, linking knowledge to recognition of truth but not intercession.	focus_43_86_cutoff_100.tsv	36	824618a062ba029f7cfc6b048f7a3f947665cf482b192b3a8f356c33ff970fcf
reciprocal_nomination	42:18	44:9		strong	44:9	42:18	42:18	cross_surah	label_target_note	missing_ayah_suggestion	Those who do not believe in the Hour seek to hasten it, while believers recognize its reality, sharply distinguishing the two responses.	focus_44_9_cutoff_100.tsv	137	f056e110f93d896055a994f4fc8df68d41b234a26929ee3a6771e6b5637ac470
reciprocal_nomination	42:18	44:50		weak	44:50	42:18	42:18	cross_surah	label_target_note	ranked_review	Contrast and rejected-parallel routes mark a boundary around disputing the Hour, not positive support.	focus_44_50_cutoff_100.tsv	16	be29044ec37823a0f4fccdddc3f8a7bb861f5c69dc33eaf667c1b224665dbfc3
reciprocal_nomination	42:18	45:32		strong	45:32	42:18	42:18	cross_surah	label_target_note	ranked_review	ٱلسَّاعَةِ, يَعْلَمُونَ أَنَّهَا ٱلْحَقُّ, and يُمَارُونَ form a close parallel.	focus_45_32_cutoff_100.tsv	42	71bcdef4376ddf6dec971b8cd6831a346a2fb9a5a0361dec63a3f4fcc2489110
reciprocal_nomination	42:18	46:22		medium	46:22	42:18	42:18	cross_surah	label_target_note	missing_ayah_suggestion	Shows those without trust seeking to hasten the Hour while others regard it as real.	focus_46_22_cutoff_100.tsv	116	791c2d2f6e4b96ab29622b1cb2e15ba0477f6a4a287f20f1845cf1a437cb400b
reciprocal_counterevidence	42:18	46:32		no value	46:32	42:18	42:18	cross_surah	label_target_note	ranked_review	V12 bağlantısı karşıttır ve saat tartışması odak ayetin açıklamasını geliştirmez.	focus_46_32_cutoff_100.tsv	83	cdf875056178795f6284329f582e01e42ed2b618234bcbfe7ab14fb8ac23a5e7
reciprocal_nomination	42:18	46:35		strong	46:35	42:18	42:18	cross_surah	label_target_note	missing_ayah_suggestion	Describes those who seek to hasten the Hour while believers remain wary of its truth.	focus_46_35_cutoff_100.tsv	157	0be9ddbcbf27fe33438bee961a2669e6fd7fad831131bb3d6cd0d37a76748f4a
reciprocal_nomination	42:18	47:2		medium	47:2	42:18	42:18	cross_surah	label_target_note	ranked_review	Believers are set with أنها الحق against nonbelief.	focus_47_2_cutoff_100.tsv	67	e21e89da11ca3cd76d555e67b0ac9025c4ece34f98483ce1b5c2790ee3973c1f
reciprocal_nomination	42:18	47:3		weak	47:3	42:18	42:18	cross_surah	label_target_note	ranked_review	Contrasts believers' recognition of al-haqq with dispute about the Hour.	focus_47_3_cutoff_100.tsv	39	de1f8cf01afa36bab37040016f1564c10d8c71976dc8929148f243cb04011c42
reciprocal_nomination	42:18	47:8		weak	47:8	42:18	42:18	cross_surah	label_target_note	ranked_review	Far straying in dispute over the Hour is a distinct setting.	focus_47_8_cutoff_100.tsv	45	57053149bd946b820e350f23dcf5cef838aff6481d9abbdd9d1188fabd40565c
reciprocal_nomination	42:18	47:18		strong	47:18	42:18	42:18	cross_surah	label_target_note	missing_ayah_suggestion	Those without faith seek to hasten the Hour while believers fear its reality; it preserves a contrasting response pair.	focus_47_18_cutoff_100.tsv	121	a9004aa9a7b1f141f4ea5325d9377cf81e73fed8b71f43696b39f81406742aad
reciprocal_nomination	42:18	50:3		weak	50:3	42:18	42:18	cross_surah	label_target_note	ranked_review	Dispute over the Hour and far misguidance are related, but not the dust objection.	focus_50_3_cutoff_100.tsv	36	05fa744a90ef321e3023b42d00d95bf96177118dbba4197046a777d6061a58eb
reciprocal_nomination	42:18	50:14		weak	50:14	42:18	42:18	cross_surah	label_target_note	ranked_review	Adds divergent responses to the coming hour, only indirectly related to warning fulfillment.	focus_50_14_cutoff_100.tsv	80	a3abf175a11396f90f70395a67efce895ebeac0cced048884924dcd10c8819c7
reciprocal_nomination	42:18	50:19		weak	50:19	42:18	42:18	cross_surah	label_target_note	ranked_review	Anticipatory fear of the Hour is a secondary pre-event parallel.	focus_50_19_cutoff_100.tsv	71	8b1cd98f2bf049bec37511929cabad861b25a52a9c54136849595792b2fe5eed
reciprocal_nomination	42:18	50:27		weak	50:27	42:18	42:18	cross_surah	label_target_note	ranked_review	Contrast-route evidence bounds the use of dalal baid here rather than positively explaining it.	focus_50_27_cutoff_100.tsv	7	8cd4349bbe7bb85056791bc1d88eafccc59173e40fb82ffa463a8ca0c0586996
reciprocal_counterevidence	42:18	50:31		no value	50:31	42:18	42:18	cross_surah	label_target_note	ranked_review	The sole route is marked contrast and rejected; it is not positive support.	focus_50_31_cutoff_100.tsv	39	1991c70e4a1013e3fab61718a6307999aaa05b3b76707dc99bd01e3820ce05a5
reciprocal_nomination	42:18	51:12		strong	51:12	42:18	42:18	cross_surah	label_target_note	missing_ayah_suggestion	Links haste for the Hour with disbelief, while believers remain apprehensive of its reality.	focus_51_12_cutoff_100.tsv	125	6e7cd5273330e07b6cb26a0d7f85d02d3510dc94a1059a6db07c6bc9b0a39c67
reciprocal_nomination	42:18	51:14		strong	51:14	42:18	42:18	cross_surah	label_target_note	missing_ayah_suggestion	Explicitly contrasts those who hasten the Hour with those who fear it.	focus_51_14_cutoff_100.tsv	126	128192e7baaf39f6d9817a8960c3f867d1af536e32ce90634367682543972039
reciprocal_nomination	42:18	51:23		medium	51:23	42:18	42:18	cross_surah	label_target_note	ranked_review	Contrasts haste and dispute with knowledge that the coming matter is haq.	focus_51_23_cutoff_100.tsv	27	58e0a88fe79df5e8e7c119afa47d4c64a6ace8b065f72758223bdf79fcc9e97f
reciprocal_nomination	42:18	51:59		strong	51:59	42:18	42:18	cross_surah	label_target_note	missing_ayah_suggestion	Those who deny the event seek to hasten it, directly extending f03.	focus_51_59_cutoff_100.tsv	137	f7c5f6af7d124c4444ef95d6b89624442f9f4918b219cb6bcf9ba1ff82e632fc
reciprocal_nomination	42:18	51:60		strong	51:60	42:18	42:18	cross_surah	label_target_note	missing_ayah_suggestion	Those lacking faith seek to hasten the Hour, while believers regard it as true.	focus_51_60_cutoff_100.tsv	118	67b38c66189ac4b5d3cdc3b0fa2fee2f0e5f07139ae77ce803c0ded2a3cef933
reciprocal_nomination	42:18	52:2		weak	52:2	42:18	42:18	cross_surah	label_target_note	ranked_review	Urgency about the Hour supports the nearby 42:17 horizon but adds no book evidence itself.	focus_52_2_cutoff_100.tsv	68	c26c3f03a9f469a6758a5fe6298c1d321b05bb588608f457e4376cfe0ff2847b
reciprocal_nomination	42:18	52:7		medium	52:7	42:18	42:18	cross_surah	label_target_note	ranked_review	Hastening the Hour while believers fear it frames an approaching reality known as true.	focus_52_7_cutoff_100.tsv	72	474c8b44e969adb48ae0493c68bba4cc982880c38e1b6f237cdf95a92f5194a2
reciprocal_nomination	42:18	52:26		medium	52:26	42:18	42:18	cross_surah	label_target_note	ranked_review	Apprehension before the Hour develops informed threshold-awareness, though redundantly.	focus_52_26_cutoff_100.tsv	75	052698e8fc28d5d3e8c956898cbad2d05a7b3cefa6b676d212d37c56110dc0c7
reciprocal_counterevidence	42:18	53:2		no value	53:2	42:18	42:18	cross_surah	label_target_note	ranked_review	Reject-only f01 is a contrast boundary, with no positive contribution.	focus_53_2_cutoff_100.tsv	83	78557464683ff961e9f977bb73594b0054a2e2f80ef49794616a344ff14a134a
reciprocal_nomination	42:18	53:12		weak	53:12	42:18	42:18	cross_surah	label_target_note	ranked_review	Its retained V12 link is contrast evidence; disputation over the Hour is otherwise only a distant parallel.	focus_53_12_cutoff_100.tsv	72	f5f77a30053df35fd5acf208b24f9a8ac6bb6429b35c382e65e757eecc61ba9d
reciprocal_nomination	42:18	53:27		medium	53:27	42:18	42:18	cross_surah	label_target_note	ranked_review	Contrasts belief and denial concerning the Hour, a related last horizon.	focus_53_27_cutoff_100.tsv	58	01273e44d83f2012c46812ccbb2f2aad94ff92cc3edd89a9f85231229272412e
reciprocal_nomination	42:18	53:55		weak	53:55	42:18	42:18	cross_surah	label_target_note	ranked_review	Contrast-only routes mark a boundary around disputation over the Hour, not positive support.	focus_53_55_cutoff_100.tsv	27	c2c323263cd3c5b6a28df5a0550a44b0536dfa8d077a10791d11a9363c87695f
reciprocal_nomination	42:18	53:57		strong	53:57	42:18	42:18	cross_surah	label_target_note	missing_ayah_suggestion	Seeking to hasten it and believers' fear retain a contrary urgency reading.	focus_53_57_cutoff_100.tsv	119	01615ba97cdf83521b9a8625a671e4937579de954720e78353e19f60f934c5b7
reciprocal_counterevidence	42:18	54:24		no value	54:24	42:18	42:18	cross_surah	label_target_note	ranked_review	Its dispute over the Hour is boundary evidence, not support for the focus reading.	focus_54_24_cutoff_100.tsv	34	478cc3306187f7509f64874aaa849f61b6c4623a0a57216683c59023d02fc205
reciprocal_nomination	42:18	54:36		medium	54:36	42:18	42:18	cross_surah	label_target_note	ranked_review	Links disputation over a coming reality with divergent responses to it.	focus_54_36_cutoff_100.tsv	15	2c7bbaf4be482041a0ff4ed70245fba54246c3ac9435a3eeb653213de9eacc67
reciprocal_counterevidence	42:18	56:51		no value	56:51	42:18	42:18	cross_surah	label_target_note	ranked_review	The V12 association is contrast evidence only.	focus_56_51_cutoff_100.tsv	36	aa777f6b3758df3246529723e51eb204f125c90b5ec735c09a55b3295b4557c4
reciprocal_nomination	42:18	56:92		weak	56:92	42:18	42:18	cross_surah	label_target_note	ranked_review	Preserves a contrary reading of distant misguidance as boundary evidence.	focus_56_92_cutoff_100.tsv	42	7d7d2605c1cb0585f3b4e9992e62313051a05e8f9d8f32adb160aa28f90c1f60
reciprocal_nomination	42:18	56:95		medium	56:95	42:18	42:18	cross_surah	label_target_note	ranked_review	Sets recognized truth of the Hour against dispute and premature challenge.	focus_56_95_cutoff_100.tsv	54	ce71ccf116a530b81d98fcd58bd8b621edc695fef060372f0a1375a5a6453ffa
reciprocal_counterevidence	42:18	62:2		no value	62:2	42:18	42:18	cross_surah	label_target_note	ranked_review	The contrast route uses distant ضلال, not positive support.	focus_62_2_cutoff_100.tsv	78	3479df7ac3554470306fcec050ea87baec784f8c1c062dddca80818a4583cadc
reciprocal_nomination	42:18	64:5		weak	64:5	42:18	42:18	cross_surah	label_target_note	ranked_review	Adds differing responses to the impending Hour, without the focus's report structure.	focus_64_5_cutoff_100.tsv	97	28b015e0c13d0a809c070b4b212b1cb546a519f29590947302bc4006b490eab8
reciprocal_nomination	42:18	67:9		weak	67:9	42:18	42:18	cross_surah	label_target_note	ranked_review	Contrast boundary: distant error in disputing the Hour, not positive support.	focus_67_9_cutoff_100.tsv	51	8268a42502b62714ee05e49554a93bda8d882473f036cecb9645e3c58efed68e
reciprocal_nomination	42:18	67:25		strong	67:25	42:18	42:18	cross_surah	label_target_note	missing_ayah_suggestion	Distinguishes those hastening the Hour from believers who regard it with awe.	focus_67_25_cutoff_100.tsv	122	df4c7a956aeecc827d933026dea631fc8a1d1cc878a61ce5a237872f8b9ee7a6
reciprocal_nomination	42:18	67:26		medium	67:26	42:18	42:18	cross_surah	label_target_note	missing_ayah_suggestion	Contrasts those who hasten the Hour with those who recognize its gravity.	focus_67_26_cutoff_100.tsv	125	fc6c32415388167c3c940857c0e8a2d5e7f819915c60c1ba7955792a57eef21c
reciprocal_nomination	42:18	68:7		weak	68:7	42:18	42:18	cross_surah	label_target_note	ranked_review	Its contrast link marks remote deviation but offers no positive clarification.	focus_68_7_cutoff_100.tsv	57	fbc79cacad2ee10cf87c0bf8e2d48fe2eaa6a62c7be35ba7f28b41ebc2f7481f
reciprocal_nomination	42:18	69:1		medium	69:1	42:18	42:18	cross_surah	label_target_note	ranked_review	Connects belief, fear, and knowledge of the Hour's al-haqq as a parallel eschatological frame.	focus_69_1_cutoff_100.tsv	24	fdae0cca0c490ff6505d777d01b055ae48e524842a8d3f53ee2b0ae7b3aa064e
reciprocal_nomination	42:18	70:1		strong	70:1	42:18	42:18	cross_surah	label_target_note	missing_ayah_suggestion	Joins haste for the Hour with believers' fear and certainty of its reality.	focus_70_1_cutoff_100.tsv	127	90237a26cf97ce108c3044dbf5a4642378509cfb93a9fb7fdb04c8e8c16b7dd0
reciprocal_nomination	42:18	70:6		medium	70:6	42:18	42:18	cross_surah	label_target_note	ranked_review	Its dispute and hastening frame a contrary posture beside far error; the contrast route remains boundary evidence.	focus_70_6_cutoff_100.tsv	33	632274b943473606aa6411ceef490e79b93b41a1e9f0eb7ed4482ef50f975686
reciprocal_nomination	42:18	70:15		medium	70:15	42:18	42:18	cross_surah	label_target_note	ranked_review	The Hour frame supplies secondary eschatological context.	focus_70_15_cutoff_100.tsv	50	9d0888098b98abd7ff2447c2c2147e4cc3d9d2c7226b469ca80177574bf66c16
reciprocal_nomination	42:18	70:24		weak	70:24	42:18	42:18	cross_surah	label_target_note	ranked_review	Knowledge of the Hour as haqq is a remote certainty parallel.	focus_70_24_cutoff_100.tsv	37	3b6f06f473ec52bd155740fca0caed31d4784741b2f369b11c48d62d34545856
reciprocal_nomination	42:18	70:27		strong	70:27	42:18	42:18	cross_surah	label_target_note	ranked_review	Believers are concerned about the Hour while knowing it is true, directly sharpening the concern's object.	focus_70_27_cutoff_100.tsv	12	5ea916bcafe6602776cf7a8bb2d3256b272290f2b020ea9a47b6d336582bf328
reciprocal_nomination	42:18	70:42		medium	70:42	42:18	42:18	cross_surah	label_target_note	missing_ayah_suggestion	استعجال الساعة and fear of it supply a complementary f01/f03 frame.	focus_70_42_cutoff_100.tsv	123	b7eedd84f88e78bd89cfaf3fe679e6d6e60323aff138ec238955f0830b8d02ef
reciprocal_counterevidence	42:18	71:24		no value	71:24	42:18	42:18	cross_surah	label_target_note	ranked_review	The contrast links identify a rejected boundary rather than support for the focus.	focus_71_24_cutoff_100.tsv	63	76c1f5e581d1a947385a2b6f17d04a62b6146ede3362c044b833cb6722eb745f
reciprocal_counterevidence	42:18	71:27		no value	71:27	42:18	42:18	cross_surah	label_target_note	ranked_review	The focus links are contrast evidence and the scene adds no route to 71:27.	focus_71_27_cutoff_100.tsv	69	2b5662a9a0f3e8949b8f9c086286ebe0111212d8653dc1371bfb988d7914d8e6
reciprocal_nomination	42:18	72:25		strong	72:25	42:18	42:18	cross_surah	label_target_note	missing_ayah_suggestion	Those who do not believe seek to hasten it, while believers regard it as real and near.	focus_72_25_cutoff_100.tsv	145	0a9c1c9523d6b5549719557e499f78cf13f762e259a85a90079616987add66e0
reciprocal_nomination	42:18	74:35		medium	74:35	42:18	42:18	cross_surah	label_target_note	ranked_review	A feminine-referred coming reality called الْحَق supplies a warning parallel.	focus_74_35_cutoff_100.tsv	83	ddd0570a019a696fc0596bc052a7d6cd0d4107aa9ee56f553cec44e4cd6a1e7f
reciprocal_nomination	42:18	75:6		strong	75:6	42:18	42:18	cross_surah	label_target_note	missing_ayah_suggestion	Those without faith seek to hasten the Hour while believers fear it and know it is real; this preserves contrary motives for asking about it.	focus_75_6_cutoff_100.tsv	112	9192df19c3ad58b8c6e1991030eeca502f84111aef94bb7fa688a500db7db8ac
reciprocal_nomination	42:18	75:20		strong	75:20	42:18	42:18	cross_surah	label_target_note	missing_ayah_suggestion	Those without faith seek to hasten the Hour, while believers regard it as true.	focus_75_20_cutoff_100.tsv	140	d8d66430eedd4d4244ed73afe1796be958d77405f44d1a4c92619ea9ca476f70
reciprocal_nomination	42:18	77:32		weak	77:32	42:18	42:18	cross_surah	label_target_note	ranked_review	Certainty and fear of the Hour support the eschatological setting but not the verse's image.	focus_77_32_cutoff_100.tsv	72	930e1f5acd86925461228ce6aeff050422924d519b31dfed1c57f9760f24b0e9
reciprocal_nomination	42:18	79:42		strong	79:42	42:18	42:18	cross_surah	label_target_note	ranked_review	Contrasts those who hasten the Hour with believers who fear it and know it true, preserving divergent responses to its approach.	focus_79_42_cutoff_100.tsv	91	651edb4ae6c03ea8db08324d052a2d43fb8e6a9fc3e6a4c9c86f90e044fd7edf
reciprocal_nomination	42:18	79:43		medium	79:43	42:18	42:18	cross_surah	label_target_note	missing_ayah_suggestion	Contrasts those who demand haste with believers who fear the Hour, closely matching 79:45's fear-qualified audience.	focus_79_43_cutoff_100.tsv	126	7260d055714aefef8a8fef99c281ef961333c966b416e98b6839ef3a445fcaec
reciprocal_nomination	42:18	79:44		strong	79:44	42:18	42:18	cross_surah	label_target_note	missing_ayah_suggestion	Contrasts those who hasten the Hour with believers who fear it and know it is true, closely matching 79:45's warning-for-the-fearful.	focus_79_44_cutoff_100.tsv	110	41b176f1f5ee2e48eea19a039015ee1d9ed65036f34636fe96ccf0a4d6459d42
reciprocal_nomination	42:18	79:46		medium	79:46	42:18	42:18	cross_surah	label_target_note	missing_ayah_suggestion	Hastening the Hour versus fearing it preserves contrary anticipatory stances before its arrival.	focus_79_46_cutoff_100.tsv	119	b994a2c2fa2c3a189bfef36419e933f0bd8da4c4d349a645d8734b1d3549b5c2
reciprocal_counterevidence	42:18	80:11		no value	80:11	42:18	42:18	cross_surah	label_target_note	ranked_review	Shared إنها is referentially unrelated.	focus_80_11_cutoff_100.tsv	79	0c9180abf531f127c53b4174c0e7b6a4ea95ce2f69e46777dc650a3ce79371e9
reciprocal_counterevidence	42:18	82:13		no value	82:13	42:18	42:18	cross_surah	label_target_note	ranked_review	No material addition to abrar or naim.	focus_82_13_cutoff_100.tsv	67	369093202c00d11af89a7f303c52d336aeb457d09400a9e9a8313f994b7f2c73
reciprocal_counterevidence	42:18	82:14		no value	82:14	42:18	42:18	cross_surah	label_target_note	ranked_review	Shared formulaic wording; no focused contribution.	focus_82_14_cutoff_100.tsv	68	1018ba2a43f850e22c719b84f3e8b837449535200a957327399bc96d0ff22cc1
reciprocal_nomination	42:18	83:17		medium	83:17	42:18	42:18	cross_surah	label_target_note	missing_ayah_suggestion	Those who do not believe seek to hasten the Hour, while believers know its reality.	focus_83_17_cutoff_100.tsv	130	977743278ff8c57a9e5c104b8981319c064e95a5f9d11daeddea5c220bf04ee1
reciprocal_nomination	42:18	83:22		weak	83:22	42:18	42:18	cross_surah	label_target_note	ranked_review	Belief versus dispute about the hour is a broad boundary only.	focus_83_22_cutoff_100.tsv	79	8854250d89c318d7fe65ead28ff6c2ae2b36a29a13de7970ad0359fbc56dbec7
reciprocal_nomination	42:18	84:16		medium	84:16	42:18	42:18	cross_surah	label_target_note	ranked_review	Secondary threshold-and-caution reading; it preserves a future-facing edge case.	focus_84_16_cutoff_100.tsv	18	b2c034e6315d716f79c0d1620e2912a117b0aa0d3f2be608ed74c24237ea522a
reciprocal_counterevidence	42:18	87:18		no value	87:18	42:18	42:18	cross_surah	label_target_note	ranked_review	No material link to earlier sheets or their transmitted teaching.	focus_87_18_cutoff_100.tsv	79	af30de305969a6dc823456acc029c138bcfcdf49a8a4b9de868904dd2690d9c2
reciprocal_counterevidence	42:18	95:7		no value	95:7	42:18	42:18	cross_surah	label_target_note	ranked_review	Only carries a rejected contrast reading.	focus_95_7_cutoff_100.tsv	80	59fcc51daa5907b0c7661db79513f2ad3cf4916d00b3770183732c081e2b1b61
reciprocal_nomination	42:18	98:4		weak	98:4	42:18	42:18	cross_surah	label_target_note	ranked_review	Boundary evidence about distant error, not an account of the focus's division.	focus_98_4_cutoff_100.tsv	43	37a9782ba6b78ef393ef4dc1f4b6913d4c425b67f3886bd8f9fd630c3581d17b
reciprocal_counterevidence	42:18	104:8		no value	104:8	42:18	42:18	cross_surah	label_target_note	ranked_review	Its feminine pronoun has a different antecedent.	focus_104_8_cutoff_100.tsv	48	6fce8cd91b64a5c8bd480745b0542ce53cd5c46960d3e7429674aa0b58f46e2d
reciprocal_nomination	42:18	105:2		weak	105:2	42:18	42:18	cross_surah	label_target_note	ranked_review	Contrast-only f01/f04/f07 route preserves a boundary, not support.	focus_105_2_cutoff_100.tsv	70	1c6f425c29ed6fc6aeca4f473845d99de841a51d8dc48f52c9166174d9a473e7
