record_type	focus_ref	target_ref	focus_direction_label	source_direction_label	source_focus_ref	source_target_ref	source_target_component_ref	relation_scope	source_column_order	source_row_role	source_note	source_file	source_line	source_row_sha256
directional_review	2:214	3:142	strong	strong	2:214	3:142	3:142	cross_surah	label_target_note	ranked_review	Directly joins entering the Garden with striving and patience.	focus_2_214_cutoff_100.tsv	1	0acbcbc329863a33515cb7fda7af844794f28194ad5f09d2171701b95dd5f936
directional_review	2:214	2:204	no value	no value	2:214	2:204	2:204	same_surah	label_target_note	ranked_review	Deceptive speech and hostility add no clear light to the ordeal.	focus_2_214_cutoff_100.tsv	2	db746b17541c9a4076bdda5ac7b386880ee2586d8945fd9c7808412c3cd832c7
directional_review	2:214	3:59	no value	no value	2:214	3:59	3:59	cross_surah	label_target_note	ranked_review	Creation of Adam and Jesus does not clarify the trial or promised help.	focus_2_214_cutoff_100.tsv	3	053de8e2ba326029f344aa7da7dcdc9d90b40e00b7e27c853cd2209fc773f625
directional_review	2:214	9:16	strong	strong	2:214	9:16	9:16	cross_surah	label_target_note	ranked_review	Repeats the challenge that believers will be tested through striving.	focus_2_214_cutoff_100.tsv	4	34e1759d3f5aef49d07379691bc1758fce0726666f5aba4ba7df0941e5248bbe
directional_review	2:214	2:218	medium	medium	2:214	2:218	2:218	same_surah	label_target_note	ranked_review	Places hope in mercy beside faith, migration, and striving.	focus_2_214_cutoff_100.tsv	5	f4511eaeccf71269a85cbb2cb090cabfc704604a8e42fb3b2925851a0f879575
directional_review	2:214	17:80	weak	weak	2:214	17:80	17:80	cross_surah	label_target_note	ranked_review	A prayer for a truthful exit and divine supporting authority is only indirect.	focus_2_214_cutoff_100.tsv	6	fc93b7a7171d647f293f4c568e813a0d537666eb55440f392dc2834dfe6fc1e6
directional_review	2:214	33:11	strong	strong	2:214	33:11	33:11	cross_surah	label_target_note	ranked_review	Names believers being tried and violently shaken.	focus_2_214_cutoff_100.tsv	7	99a359b091a57ee58e1f230f9384b928d9196286972a1896938e8b294d0fd64e
directional_review	2:214	2:205	no value	no value	2:214	2:205	2:205	same_surah	label_target_note	ranked_review	Corruption of land and offspring is not the passage's concern.	focus_2_214_cutoff_100.tsv	8	b0eaba62639d4bc359cd4c36b04938e7c5c67b245459451fde86aaba7bf30192
directional_review	2:214	4:11	no value	no value	2:214	4:11	4:11	cross_surah	label_target_note	ranked_review	Inheritance apportionment adds no relevant clarification.	focus_2_214_cutoff_100.tsv	9	b8eacd2ef969e64b82ed99887bab9df6d9afcbfeea8212b4870d92b78e1e9f9f
directional_review	2:214	110:1	medium	medium	2:214	110:1	110:1	cross_surah	label_target_note	ranked_review	Affirms that Allah's help and opening do arrive.	focus_2_214_cutoff_100.tsv	10	0b39a08c220c46b7b6de3725e9cf3a1ce83835409bbeddbd915f9731362cad14
directional_review	2:214	2:220	no value	no value	2:214	2:220	2:220	same_surah	label_target_note	ranked_review	Care of orphans and reform is unrelated to the stated ordeal.	focus_2_214_cutoff_100.tsv	11	11f9e679282d4706090cf0650935896342918bd556cbf83b8dda2d981cd5a815
directional_review	2:214	99:1	weak	weak	2:214	99:1	99:1	cross_surah	label_target_note	ranked_review	Shares the image of shaking but concerns the earth's final convulsion.	focus_2_214_cutoff_100.tsv	12	7f8c3cf2a08a9655cdf2b2f71960d493eea510109be8dceb0d838a8d3d4a66d0
directional_review	2:214	10:102	strong	strong	2:214	10:102	10:102	cross_surah	label_target_note	ranked_review	Frames present waiting through the days of earlier peoples.	focus_2_214_cutoff_100.tsv	13	b9316fca63f58fcbd8c442f99d2cb4e4ad8fe505c808310b4672259df000fa7b
directional_review	2:214	2:206	no value	no value	2:214	2:206	2:206	same_surah	label_target_note	ranked_review	Proud refusal of piety does not develop the believers' trial.	focus_2_214_cutoff_100.tsv	14	bd8b0b8dc945715356eb854080041c9c294f94befa3b12ccb4afc412dfbaaf44
directional_review	2:214	70:38	medium	medium	2:214	70:38	70:38	cross_surah	label_target_note	ranked_review	Challenges any presumption of entering a garden of bliss.	focus_2_214_cutoff_100.tsv	15	068ef1037c7b9cd06bbedae532be55adbc27656b1416da4d5711d338dcd997d0
directional_review	2:214	6:42	strong	strong	2:214	6:42	6:42	cross_surah	label_target_note	ranked_review	Shows earlier communities touched by hardship and distress to humble them.	focus_2_214_cutoff_100.tsv	16	71cd6f8463f7b8dbba9641cd1ef0a920ea66a5124213767705dbb4c58463986b
directional_review	2:214	2:215	weak	weak	2:214	2:215	2:215	same_surah	label_target_note	ranked_review	Charitable obligations add only nearby ethical context.	focus_2_214_cutoff_100.tsv	17	49c6029582576a18dec75c580eba46d7d1a734d18641375483d224ec24d055f8
directional_review	2:214	25:31	medium	medium	2:214	25:31	25:31	cross_surah	label_target_note	ranked_review	Makes enmity from criminals a recurring condition for every prophet.	focus_2_214_cutoff_100.tsv	18	7cadf01291d476a5e0ae5a3a2c0e438616bc81a504677dec19bb07b6233a3740
directional_review	2:214	7:94	strong	strong	2:214	7:94	7:94	cross_surah	label_target_note	ranked_review	Parallels the prior peoples' hardship and distress.	focus_2_214_cutoff_100.tsv	19	c5bcc0de4fe4ae5b3c66477ed38720e57944782cb61cc6fe6a0ec9a885fadfa0
directional_review	2:214	2:207	medium	medium	2:214	2:207	2:207	same_surah	label_target_note	ranked_review	Shows self-giving in pursuit of Allah's pleasure.	focus_2_214_cutoff_100.tsv	20	db2c9cb12930b2f8e86e2a0c35b2a9f65b7b6d18efbc8ad63a0d717dacb8d4eb
directional_review	2:214	14:42	weak	weak	2:214	14:42	14:42	cross_surah	label_target_note	ranked_review	Allah's delay of wrongdoers only indirectly bears on awaited help.	focus_2_214_cutoff_100.tsv	21	83a3dc2e3c3c8ec7aeff748bd84ebc2897ff354c20db660d5b273d3527c03205
directional_review	2:214	33:62	strong	strong	2:214	33:62	33:62	cross_surah	label_target_note	ranked_review	Makes the precedent among those before an unchanging divine way.	focus_2_214_cutoff_100.tsv	22	5953dbc97b9a5fd985009adfcc2adf7d061774fcd95b436ebd672295f8358b43
directional_review	2:214	2:217	medium	medium	2:214	2:217	2:217	same_surah	label_target_note	ranked_review	Sets ongoing opposition and conflict around commitment to the religion.	focus_2_214_cutoff_100.tsv	23	43a39b5fc456273a4c769bd72a79655c16d3324be269058703040be2191f69aa
directional_review	2:214	14:47	medium	medium	2:214	14:47	14:47	cross_surah	label_target_note	ranked_review	Confirms Allah does not fail the promise made to messengers.	focus_2_214_cutoff_100.tsv	24	40a549c355db011dd5cda6a9ab5a59f2b8e13f5dd68e4bd89993c2ab21369f2e
directional_review	2:214	2:177	strong	strong	2:214	2:177	2:177	same_surah	label_target_note	ranked_review	Identifies patience in hardship, distress, and battle as truthful righteousness.	focus_2_214_cutoff_100.tsv	25	744341025f03fef03f69f7efc08f513cf64b74e512fe9087dc4b855c1329af38
directional_review	2:214	2:208	weak	weak	2:214	2:208	2:208	same_surah	label_target_note	ranked_review	Calls for whole entry into submission but does not explain the ordeal.	focus_2_214_cutoff_100.tsv	26	fa86ab3fb6d72c7a453d547ab446f24d04de0caa9076f60ff2d5d96edbdce395
directional_review	2:214	3:183	weak	weak	2:214	3:183	3:183	cross_surah	label_target_note	ranked_review	Records rejection of messengers and killing despite clear signs.	focus_2_214_cutoff_100.tsv	27	73d5f3917fc45c95471c9d38d305cc2056219d7f48f89a49b81ab3b652ae7e54
directional_review	2:214	24:34	medium	medium	2:214	24:34	24:34	cross_surah	label_target_note	ranked_review	Offers the examples of those before as admonition for the mindful.	focus_2_214_cutoff_100.tsv	28	5bd754e95972a5a6170048bebc213b4711f7659eab9a9c61bac11974faeabac6
directional_review	2:214	2:212	medium	medium	2:214	2:212	2:212	same_surah	label_target_note	ranked_review	Supplies the immediate contrast of believers mocked in worldly life.	focus_2_214_cutoff_100.tsv	29	e97fe53c13f9d3b6d1ad5d22dda1412957241fd14f30076560ecb5dbdff39b27
directional_review	2:214	18:18	no value	no value	2:214	18:18	18:18	cross_surah	label_target_note	ranked_review	The sleepers' appearance and fear do not illuminate the trial.	focus_2_214_cutoff_100.tsv	30	8d5b202ad9ce9d8b53e3d8a9eea1055a9aa927b35b3458c795ecbf50dfc3a174
directional_review	2:214	9:88	strong	strong	2:214	9:88	9:88	cross_surah	label_target_note	ranked_review	Links striving with wealth and selves to good and success.	focus_2_214_cutoff_100.tsv	31	e05ddf28f784232c12463aceb0e80b84a4d86ec3fef71dd51df7e1625736c75c
directional_review	2:214	2:209	no value	no value	2:214	2:209	2:209	same_surah	label_target_note	ranked_review	Warns against slipping after clear signs without addressing the test.	focus_2_214_cutoff_100.tsv	32	215bb58b9bcd6e8b71c4d647bb018a4474c900a4707d14db79daa70d74fe687c
directional_review	2:214	78:27	no value	no value	2:214	78:27	78:27	cross_surah	label_target_note	ranked_review	Denial of reckoning does not clarify the believers' ordeal.	focus_2_214_cutoff_100.tsv	33	4626ffb55ec03cd75ea2c7450f0cd0a28e69defdb56147d802118c091fd07966
directional_review	2:214	29:10	strong	strong	2:214	29:10	29:10	cross_surah	label_target_note	ranked_review	Distinguishes claimed faith from endurance when hurt for Allah.	focus_2_214_cutoff_100.tsv	34	e0ac68c10f4ec69afc506a45c9b3b402b1539b77cbf12b888b43b02eadf98af3
directional_review	2:214	2:210	weak	weak	2:214	2:210	2:210	same_surah	label_target_note	ranked_review	A warning of final divine decision is not the promised near help.	focus_2_214_cutoff_100.tsv	35	7864069f99fcb8ce696546c4013b49c10454ebcb4445ea7ff23dd9a2fb491732
directional_review	2:214	37:25	no value	no value	2:214	37:25	37:25	cross_surah	label_target_note	ranked_review	The inability to help one another is unrelated here.	focus_2_214_cutoff_100.tsv	36	138668ff445284ff6e1b7b12a8f615f71da426b23951e12815f5f7da3480b2bf
directional_review	2:214	3:134	medium	medium	2:214	3:134	3:134	cross_surah	label_target_note	ranked_review	Counts patience in hardship and distress among the qualities of the mindful.	focus_2_214_cutoff_100.tsv	37	35d62c5a4a1d1851ab58d408aa2add803526a25ed96f2e8fcc3847204335b6e1
directional_review	2:214	2:211	no value	no value	2:214	2:211	2:211	same_surah	label_target_note	ranked_review	Israel's altered blessing and punishment do not explain 2:214.	focus_2_214_cutoff_100.tsv	38	cde43a04022ea0d91c69f69cd21f9b1d8c1308f6042d5080d10092b8a246b8e2
directional_review	2:214	37:172	medium	medium	2:214	37:172	37:172	cross_surah	label_target_note	ranked_review	States that Allah's servants will be helped, without the trial setting.	focus_2_214_cutoff_100.tsv	39	bdeaf78b14ee55ad51ae23b2def9dd9df3a1be0335fdcbabf41573d94cfcb37d
directional_review	2:214	7:157	weak	weak	2:214	7:157	7:157	cross_surah	label_target_note	ranked_review	Support for the messenger is only a broad parallel to steadfast allegiance.	focus_2_214_cutoff_100.tsv	40	c1416fb9ff40377b2a2bfe8d65bf25f916ff9996196108925e7da2ac2f8c8df0
directional_review	2:214	2:213	strong	strong	2:214	2:213	2:213	same_surah	label_target_note	ranked_review	Immediately supplies the earlier human and prophetic history behind the comparison.	focus_2_214_cutoff_100.tsv	41	545a8545750033e3f71b2541af84c5e5836b5650cf1687ed114870d58328a4ab
directional_review	2:214	48:17	weak	weak	2:214	48:17	48:17	cross_surah	label_target_note	ranked_review	Entry into gardens for obedience is only an outcome parallel.	focus_2_214_cutoff_100.tsv	42	ba42f59dc0f14de8e48e9ad168db776aec72a40284aa0d7eaeef1287f1a89167
directional_review	2:214	14:9	strong	strong	2:214	14:9	14:9	cross_surah	label_target_note	ranked_review	Recalls earlier peoples who rejected messengers despite clear signs.	focus_2_214_cutoff_100.tsv	43	98abf6f589226f78f36493069c76680a4d537e80081515758e7bf34f3bef7e16
directional_review	2:214	2:216	strong	strong	2:214	2:216	2:216	same_surah	label_target_note	ranked_review	Explains that what believers dislike may be good, sharpening the logic of trial.	focus_2_214_cutoff_100.tsv	44	10eaa31a9c581a326b18d30974a02bb3815229377f4b53f2d42b026775550c36
directional_review	2:214	18:9	no value	no value	2:214	18:9	18:9	cross_surah	label_target_note	ranked_review	The cave companions as a wonder do not clarify this ordeal.	focus_2_214_cutoff_100.tsv	45	0fca2a20b71d4f0ccf036d1aa4eef39c16b83b8b07669d845fc4334b71f66f16
directional_review	2:214	33:53	no value	no value	2:214	33:53	33:53	cross_surah	label_target_note	ranked_review	Household etiquette has no relevant contribution.	focus_2_214_cutoff_100.tsv	46	a259e0f03e5a68f4294f14a6790752ab4edc08755fdc0a2d58021edbb4ccda46
directional_review	2:214	2:219	no value	no value	2:214	2:219	2:219	same_surah	label_target_note	ranked_review	The rulings on wine, gambling, and spending do not clarify 2:214.	focus_2_214_cutoff_100.tsv	47	a099e862cbb131ef10335387f891ad1763c720a98ef19d98b74c985cbfab04f4
directional_review	2:214	44:41	weak	weak	2:214	44:41	44:41	cross_surah	label_target_note	ranked_review	Denial of aid on the final day only contrasts with present divine help.	focus_2_214_cutoff_100.tsv	48	d78b73f6ce7d645e5a1f397286f82252f63db226df4aebbfd5bcbd8982fc671a
directional_review	2:214	29:18	medium	medium	2:214	29:18	29:18	cross_surah	label_target_note	ranked_review	Places present denial within the repeated denial of earlier communities.	focus_2_214_cutoff_100.tsv	49	39e533fcf4826a0f7a0357f68f2afe25c1c996bf60cdbb7c1a45546b617d08fb
directional_review	2:214	29:30	medium	medium	2:214	29:30	29:30	cross_surah	label_target_note	ranked_review	Models calling on Allah for help against corruption.	focus_2_214_cutoff_100.tsv	50	58616b2ecdab3f913b2153554be2b5b9e7ffb9f0121b48b6f40a5a9f892578c7
directional_review	2:214	10:21	weak	weak	2:214	10:21	10:21	cross_surah	label_target_note	ranked_review	Hardship followed by mercy is a loose pattern, not the passage's trial.	focus_2_214_cutoff_100.tsv	51	404fec5552371540e7911628dd85ed3b20c844e6054450ded1cf6ef922b6aecb
directional_review	2:214	2:186	weak	weak	2:214	2:186	2:186	same_surah	label_target_note	ranked_review	Divine nearness and answering prayer offer only indirect support.	focus_2_214_cutoff_100.tsv	52	cc1ab275e12e5e8e002a340437812aca1d437112580a36b63fe9e2cebd317e76
directional_review	2:214	24:27	no value	no value	2:214	24:27	24:27	cross_surah	label_target_note	ranked_review	Rules for entering houses do not bear on entering the Garden.	focus_2_214_cutoff_100.tsv	53	a39e60ff2de9a506c4eaaec2badf26e60e02a52d69322d6ae75802e3b5cbe972
directional_review	2:214	9:14	medium	medium	2:214	9:14	9:14	cross_surah	label_target_note	ranked_review	Connects fighting with Allah granting believers help.	focus_2_214_cutoff_100.tsv	54	2dd0767b8d40d09e37d101631c20479bb581cb4b2ee9e5d4ee5cf6b61f1986c8
directional_review	2:214	30:47	strong	strong	2:214	30:47	30:47	cross_surah	label_target_note	ranked_review	Declares helping believers a binding divine due after prior messengers' signs.	focus_2_214_cutoff_100.tsv	55	5873569c2f29359f5145ca1f08bef4a92f6a2bbb8f603664a4cc47f2b84bfd61
directional_review	2:214	9:116	weak	weak	2:214	9:116	9:116	cross_surah	label_target_note	ranked_review	Allah alone as protector and helper is supportive but general.	focus_2_214_cutoff_100.tsv	56	b7a7b5f95ad1de04150b567a6c12439d46720991baf3790dd33d47bbc784722f
directional_review	2:214	7:38	medium	medium	2:214	7:38	7:38	cross_surah	label_target_note	ranked_review	Shows successive prior communities entering punishment together.	focus_2_214_cutoff_100.tsv	57	8b8dd35a7c3d8ee89b638473ac04556f521db6c4dc027266ad21facd5d89ca9b
directional_review	2:214	40:31	strong	strong	2:214	40:31	40:31	cross_surah	label_target_note	ranked_review	Invokes the settled course of earlier peoples while denying injustice from Allah.	focus_2_214_cutoff_100.tsv	58	fb14dee2a0cb09d0693ce6934a62fd8c7dafaaf5b35eefd12636a93a0ab18b13
directional_review	2:214	11:58	medium	medium	2:214	11:58	11:58	cross_surah	label_target_note	ranked_review	Shows believers saved by mercy when the divine command arrives.	focus_2_214_cutoff_100.tsv	59	3b0a12a173b27b8bf4e391286e8b8ac434b2145a151a7b077921b82533382289
directional_review	2:214	4:52	no value	no value	2:214	4:52	4:52	cross_surah	label_target_note	ranked_review	The cursed having no helper does not explain believers awaiting help.	focus_2_214_cutoff_100.tsv	60	367e87b57baeb6184d1dbdbc75b01628b7dd90560e588f8bae1c28daa8568812
directional_review	2:214	12:67	weak	weak	2:214	12:67	12:67	cross_surah	label_target_note	ranked_review	Combines practical precaution with trust that judgment belongs to Allah.	focus_2_214_cutoff_100.tsv	61	a145086fbb590a1a5ce864475fdd1c111dadfeb316f904308522617d13b8e9b8
directional_review	2:214	18:102	no value	no value	2:214	18:102	18:102	cross_surah	label_target_note	ranked_review	False protectors and Hell do not clarify the trial.	focus_2_214_cutoff_100.tsv	62	9ef07764dfec8a7909f3dc0b3feaa03295d7d653ade25c53f4ec33a7453e7f08
directional_review	2:214	13:35	medium	medium	2:214	13:35	13:35	cross_surah	label_target_note	ranked_review	Sets the Garden as the enduring end for the mindful.	focus_2_214_cutoff_100.tsv	63	24e9017d91a399793013fa7858493ee881d02bf14d94d9d438f37e6bd752d5bd
directional_review	2:214	5:22	medium	medium	2:214	5:22	5:22	cross_surah	label_target_note	ranked_review	Shows fear refusing entry despite a commanded destination.	focus_2_214_cutoff_100.tsv	64	1a2c2faf1106242d8da862bb1591a87117858929dcb8b7805d1611a0d1f194f9
directional_review	2:214	24:29	no value	no value	2:214	24:29	24:29	cross_surah	label_target_note	ranked_review	Permission to enter uninhabited houses is unrelated.	focus_2_214_cutoff_100.tsv	65	c87fe24f4105bf2a37ede25afca98312912b616c067d631945aebdfa5f977f47
directional_review	2:214	8:10	medium	medium	2:214	8:10	8:10	cross_surah	label_target_note	ranked_review	Locates victory solely with Allah and its reassurance in believers' hearts.	focus_2_214_cutoff_100.tsv	66	a7c26f14a63d8451835350a8b1ea1482b21e46e3e3e45703650144d998e77843
directional_review	2:214	61:13	strong	strong	2:214	61:13	61:13	cross_surah	label_target_note	ranked_review	Names the desired divine help and a near opening.	focus_2_214_cutoff_100.tsv	67	f160a4892c13a4eb998593ac523e0516e4714b67de75034dcff7889c6860e324
directional_review	2:214	18:104	no value	no value	2:214	18:104	18:104	cross_surah	label_target_note	ranked_review	Misjudged worldly effort does not clarify the ordeal.	focus_2_214_cutoff_100.tsv	68	f62670a5170c4464575c73e49e88ac3900b4a008b0db09f5e838b30c51f535f7
directional_review	2:214	64:5	medium	medium	2:214	64:5	64:5	cross_surah	label_target_note	ranked_review	Uses earlier unbelievers' painful consequence as historical warning.	focus_2_214_cutoff_100.tsv	69	40504328e78ebe1a9c600268567ee11d1d517e8ee610e5495370ccac31b5772d
directional_review	2:214	21:75	no value	no value	2:214	21:75	21:75	cross_surah	label_target_note	ranked_review	Entry into mercy for a righteous prophet is too general here.	focus_2_214_cutoff_100.tsv	70	e5c586eb8577555268801b0ffafc82f28881fcf078103bdb49d6c7a9a80294a4
directional_review	2:214	11:94	medium	medium	2:214	11:94	11:94	cross_surah	label_target_note	ranked_review	Shows believers saved and wrongdoers seized at the divine command.	focus_2_214_cutoff_100.tsv	71	76ad47ef6c663b2f939811d07ae90d66954efbca1aedf4cb482320167fce2e24
directional_review	2:214	54:44	weak	weak	2:214	54:44	54:44	cross_surah	label_target_note	ranked_review	Exposes the false confidence of a group claiming self-help.	focus_2_214_cutoff_100.tsv	72	3a80fdbdb88dd4e3b8d8ed7e84c69ebd878caa266d2650a318bec54a26b6a01a
directional_review	2:214	9:99	medium	medium	2:214	9:99	9:99	cross_surah	label_target_note	ranked_review	Links believing expenditure to Allah admitting people into mercy.	focus_2_214_cutoff_100.tsv	73	8a7081b7b791c4eca74bb73f71ab153ab31a7c183a46ab9f554520391ad9cbc1
directional_review	2:214	43:37	no value	no value	2:214	43:37	43:37	cross_surah	label_target_note	ranked_review	Misleading people who think themselves guided is not the passage's focus.	focus_2_214_cutoff_100.tsv	74	8718ed8eefc03bf370c15b7cf5f055ed402e01c29767b77b3fc534849c8deeae
directional_review	2:214	39:71	medium	medium	2:214	39:71	39:71	cross_surah	label_target_note	ranked_review	Shows messengers' prior warning before the final consequence for deniers.	focus_2_214_cutoff_100.tsv	75	04cc1414736e38cf7c477d02d62871223bb405d05427d601bf1ea3c6390f5bb5
directional_review	2:214	65:11	medium	medium	2:214	65:11	65:11	cross_surah	label_target_note	ranked_review	Links faith and righteous action with release from darkness and entry into gardens.	focus_2_214_cutoff_100.tsv	76	dbab2fac8ca7e5b8d3444a18a0dcb0138b43eaaa4d503b8535f5a294985c8431
directional_review	2:214	3:119	no value	no value	2:214	3:119	3:119	cross_surah	label_target_note	ranked_review	Hidden hostility toward believers does not develop the ordeal's pattern.	focus_2_214_cutoff_100.tsv	77	293cb11b0f3a358daa9d9703de93b48ee6e658574b393aa1aba633b4a14a4a06
directional_review	2:214	7:30	no value	no value	2:214	7:30	7:30	cross_surah	label_target_note	ranked_review	Self-deceived guidance does not clarify 2:214.	focus_2_214_cutoff_100.tsv	78	004e7949931b632337af1c18f260fa0f7adc7da0c79016695223b6e422870ae9
directional_review	2:214	21:43	weak	weak	2:214	21:43	21:43	cross_surah	label_target_note	ranked_review	Denies alternate protectors but offers no trial or near-help pattern.	focus_2_214_cutoff_100.tsv	79	4627c391f6697fc6056486a99b0f22bdfbba803f52790aa3e735f15dd48e4293
directional_review	2:214	67:20	medium	medium	2:214	67:20	67:20	cross_surah	label_target_note	ranked_review	Challenges reliance on any force other than the Most Merciful for help.	focus_2_214_cutoff_100.tsv	80	209315d3d71b7e88145ee150db9e9952c6d6603daffb66761007e21db3bb0c17
directional_review	2:214	47:15	medium	medium	2:214	47:15	47:15	cross_surah	label_target_note	ranked_review	Details the promised Garden as the righteous person's final outcome.	focus_2_214_cutoff_100.tsv	81	a317d3c079d9d7b1842df929e0bcee7a6278ed69523cb24e15f137e4948d4527
directional_review	2:214	22:59	medium	medium	2:214	22:59	22:59	cross_surah	label_target_note	ranked_review	Promises an entry pleasing to the faithful after their hardship context.	focus_2_214_cutoff_100.tsv	82	e674a8bc4076aa2b73003bd7a79c2f6f1facff23177dfd3d9a2091f082b6c51c
directional_review	2:214	21:46	weak	weak	2:214	21:46	21:46	cross_surah	label_target_note	ranked_review	Foretold punishment for wrongdoers only indirectly contrasts with aid.	focus_2_214_cutoff_100.tsv	83	bb550eb81651d2aa403c87a8800685e98829c52052dd9bc88d4d47e79bc130ea
directional_review	2:214	42:31	weak	weak	2:214	42:31	42:31	cross_surah	label_target_note	ranked_review	Allah alone as protector and helper is a general support.	focus_2_214_cutoff_100.tsv	84	ed596c96d4adeee5fdcd9684d72fe8e19f3f4ac2012c362033d7e8703fc330d1
directional_review	2:214	17:51	no value	no value	2:214	17:51	17:51	cross_surah	label_target_note	ranked_review	Questioning resurrection timing does not clarify the ordeal.	focus_2_214_cutoff_100.tsv	85	1c316afa281bb7c22c3d0302ac90a34efc4093f111280fd539cdf0195a91d9d6
directional_review	2:214	22:13	no value	no value	2:214	22:13	22:13	cross_surah	label_target_note	ranked_review	The harm of false patrons is not the passage's concern.	focus_2_214_cutoff_100.tsv	86	ef8597759a07fae698293b2f2e7f3b05239b8454d5c1dfb0344c7068ed10c800
directional_review	2:214	25:27	no value	no value	2:214	25:27	25:27	cross_surah	label_target_note	ranked_review	Regret for abandoning the messenger's path is not a trial parallel.	focus_2_214_cutoff_100.tsv	87	b465774eccf046e733c91147f5d89b2e90aaaedbb147de4e262b0f7b2cacc06f
directional_review	2:214	29:22	weak	weak	2:214	29:22	29:22	cross_surah	label_target_note	ranked_review	Allah alone as protector and helper is a general support.	focus_2_214_cutoff_100.tsv	88	25d72c1d1eb191050e10dcea4d27a1f547d7a220f8ce25f2050b01968bd55026
directional_review	2:214	6:130	medium	medium	2:214	6:130	6:130	cross_surah	label_target_note	ranked_review	Recalls messengers warning earlier communities of their appointed day.	focus_2_214_cutoff_100.tsv	89	cb77facf6b94f0525c5ba8b82d4513618f6339368aea7dcc9aede0a69a4e1d25
directional_review	2:214	36:15	no value	no value	2:214	36:15	36:15	cross_surah	label_target_note	ranked_review	A people's denial that messengers are sent does not add to 2:214.	focus_2_214_cutoff_100.tsv	90	e02518299087212190ae98da104dd7a769f512325701f5c16ae31892552a1b76
directional_review	2:214	24:55	strong	strong	2:214	24:55	24:55	cross_surah	label_target_note	ranked_review	Promises believing righteous people security after fear, showing the shape of awaited relief.	focus_2_214_cutoff_100.tsv	91	3fa3db1809af1aea780bdd03117568d3d5b512db6e1a96da1a05f4d7453f5f22
directional_review	2:214	4:145	no value	no value	2:214	4:145	4:145	cross_surah	label_target_note	ranked_review	The hypocrites' lack of a helper does not clarify believers' testing.	focus_2_214_cutoff_100.tsv	92	7cb3d7b084ad8782f24ad847ab611ec71b0a72c964fdbf1fd797b65f2b4ec02e
directional_review	2:214	3:112	medium	medium	2:214	3:112	3:112	cross_surah	label_target_note	ranked_review	Recalls a prior community's abasement following persistent rejection and transgression.	focus_2_214_cutoff_100.tsv	93	ba6837ba8403b6ee6647c95fedea1429c8f62ad7202e9ae086e38072f1796973
directional_review	2:214	89:30	medium	medium	2:214	89:30	89:30	cross_surah	label_target_note	ranked_review	Directly names Allah's Garden as the final destination.	focus_2_214_cutoff_100.tsv	94	7e18b0d2668ffcf746fdf5a42b16e78b0073544cb58b94a043198a43e1d845d2
directional_review	2:214	39:6	no value	no value	2:214	39:6	39:6	cross_surah	label_target_note	ranked_review	Creation and lordship do not explain the ordeal or its help.	focus_2_214_cutoff_100.tsv	95	9aec2f52745724fdaac9f1c512446ba87338dfa5aea3c62815480e67e220f32a
directional_review	2:214	27:88	no value	no value	2:214	27:88	27:88	cross_surah	label_target_note	ranked_review	The moving mountains and Allah's workmanship do not clarify 2:214.	focus_2_214_cutoff_100.tsv	96	a837dd127b352f320876b7c99a9aede943006c835173760482be125fe2c83317
directional_review	2:214	23:60	weak	weak	2:214	23:60	23:60	cross_surah	label_target_note	ranked_review	Fearful return to Allah adds a limited posture of humility.	focus_2_214_cutoff_100.tsv	97	72bc911312f3f0f7166b96c5e7e721e0bff94bc705992cfc236d23595625b554
directional_review	2:214	6:160	no value	no value	2:214	6:160	6:160	cross_surah	label_target_note	ranked_review	The rule of recompense does not clarify the trial narrative.	focus_2_214_cutoff_100.tsv	98	702d3e098cb2f2b74480749cdfc3c74f783c81edf5a98f8fad58ea7c816ba132
directional_review	2:214	4:12	no value	no value	2:214	4:12	4:12	cross_surah	label_target_note	ranked_review	Inheritance apportionment has no relevant contribution.	focus_2_214_cutoff_100.tsv	99	9a966b2e210be424d67eaa46fdce7368fcc616aae872cbb75f15d93af7d79127
directional_review	2:214	39:54	medium	medium	2:214	39:54	39:54	cross_surah	label_target_note	ranked_review	Warns that aid is not available after punishment arrives, sharpening the urgency of turning to Allah.	focus_2_214_cutoff_100.tsv	100	4082cf2e913bf87d289a30f6efaceeb789a84af2bd3b66697da0d5f1037f5292
directional_review	2:214	2:153	strong	strong	2:214	2:153	2:153	same_surah	label_target_note	missing_ayah_suggestion	Commands seeking help through patience and prayer, with Allah alongside the patient.	focus_2_214_cutoff_100.tsv	101	e538a39baad80af28d85756119ccf297c12e292eb1f56ad8022b2e61201101ca
directional_review	2:214	2:155	strong	strong	2:214	2:155	2:155	same_surah	label_target_note	missing_ayah_suggestion	Explicitly announces testing through fear, hunger, loss, and calls for glad tidings to the patient.	focus_2_214_cutoff_100.tsv	102	0fc5c659e69eee2330069bdeb741aec081660b7fb225174293ce116a021217a2
directional_review	2:214	2:156	strong	strong	2:214	2:156	2:156	same_surah	label_target_note	missing_ayah_suggestion	Gives the faithful response when calamity strikes.	focus_2_214_cutoff_100.tsv	103	1529bcf9db2a3e031469b5161e891d74818ecaebf80be877c7b079673a07303c
directional_review	2:214	2:157	medium	medium	2:214	2:157	2:157	same_surah	label_target_note	missing_ayah_suggestion	Names mercy and guidance for those who endure loss faithfully.	focus_2_214_cutoff_100.tsv	104	f1fc5f5e68dcd6068ca2012fbac1d21793ca9c44212eef596aa790bb2da14783
directional_review	2:214	2:249	medium	medium	2:214	2:249	2:249	same_surah	label_target_note	missing_ayah_suggestion	Shows a small patient company prevailing by Allah's permission.	focus_2_214_cutoff_100.tsv	105	4cb57d5c301f185ed291f099025c3feabfdda32c8adfad2e4b660566514a787c
directional_review	2:214	2:250	strong	strong	2:214	2:250	2:250	same_surah	label_target_note	missing_ayah_suggestion	Joins the plea for patience with steadfast feet and victory.	focus_2_214_cutoff_100.tsv	106	beeb851a5739da711c5adb9e448fd8760978890cbcca12911139ca06193fc274
directional_review	2:214	2:251	medium	medium	2:214	2:251	2:251	same_surah	label_target_note	missing_ayah_suggestion	Shows victory by Allah's permission after conflict.	focus_2_214_cutoff_100.tsv	107	d2fb2aa488439d601565c9c22e0de4937db7bc941964d091ad494015eb599a16
directional_review	2:214	2:286	medium	medium	2:214	2:286	2:286	same_surah	label_target_note	missing_ayah_suggestion	Affirms that Allah does not burden a soul beyond its capacity and asks for help.	focus_2_214_cutoff_100.tsv	108	9ce5b097b080731b2e6bd18da916a90daff6346b7d684e38b3dd784dac0d01fb
directional_review	2:214	3:139	medium	medium	2:214	3:139	3:139	cross_surah	label_target_note	missing_ayah_suggestion	Forbids weakening and grief while grounding believers in their faith.	focus_2_214_cutoff_100.tsv	109	e56d5332a766bb867b7069f9843f0082d4b733b9a43d613c44b4467647ec006a
directional_review	2:214	3:146	strong	strong	2:214	3:146	3:146	cross_surah	label_target_note	missing_ayah_suggestion	Shows many godly followers enduring fighting without weakness, surrender, or yielding.	focus_2_214_cutoff_100.tsv	110	91db6b129d5ba6b812652bb82bb5d4a0e84d5e29b294ab6b8b994dcd7d877b83
directional_review	2:214	3:160	strong	strong	2:214	3:160	3:160	cross_surah	label_target_note	missing_ayah_suggestion	States that none can overcome believers when Allah helps them.	focus_2_214_cutoff_100.tsv	111	4473733541c0322d58ff67f793ea47c9ebd74e7327e95c01a8f6e649a94483ff
directional_review	2:214	3:173	medium	medium	2:214	3:173	3:173	cross_surah	label_target_note	missing_ayah_suggestion	Shows believers answering threat with increased faith and reliance on Allah.	focus_2_214_cutoff_100.tsv	112	835c628ff04edce98e29e1b4eb200730e736693ac08b940323321687693fd20e
directional_review	2:214	3:174	medium	medium	2:214	3:174	3:174	cross_surah	label_target_note	missing_ayah_suggestion	Shows believers returning with favor and no harm after fearing threat.	focus_2_214_cutoff_100.tsv	113	526bb6c7b28835b77888d449fc11a34e91a2748e09f497b5ce47fd9daebc1e98
directional_review	2:214	3:186	strong	strong	2:214	3:186	3:186	cross_surah	label_target_note	missing_ayah_suggestion	Explicitly promises testing in possessions and selves and calls for patience and mindfulness.	focus_2_214_cutoff_100.tsv	114	108c4d397caf3fa5474c929c5e02e035c91ac9b31508764c150afef6ba729514
directional_review	2:214	4:74	medium	medium	2:214	4:74	4:74	cross_surah	label_target_note	missing_ayah_suggestion	Connects fighting in Allah's way with great reward.	focus_2_214_cutoff_100.tsv	115	e0a914e3357b834df8d80389f553c8a61970848bbcd3a2c653318f21e26d6866
directional_review	2:214	4:75	medium	medium	2:214	4:75	4:75	cross_surah	label_target_note	missing_ayah_suggestion	Frames fighting as aid for the oppressed who ask for a protector and helper.	focus_2_214_cutoff_100.tsv	116	55f111843c9c5ee8b8e8eb8f304b30ea796e1f35addb8693ab7eef4a46324e06
directional_review	2:214	4:104	medium	medium	2:214	4:104	4:104	cross_surah	label_target_note	missing_ayah_suggestion	Commands persistence against an enemy while believers share pain and hope in Allah.	focus_2_214_cutoff_100.tsv	117	b1d4d835afd6f2a578b4393522854b8e6d4d0e21c6122dd363eeb88f4e26b42d
directional_review	2:214	8:30	medium	medium	2:214	8:30	8:30	cross_surah	label_target_note	missing_ayah_suggestion	Shows Allah's decisive action against hostile plotting.	focus_2_214_cutoff_100.tsv	118	de0fc00cb770d87167b1ec48635b3d5d983eb9dc051bfb6a135c3d25f9142747
directional_review	2:214	8:45	medium	medium	2:214	8:45	8:45	cross_surah	label_target_note	missing_ayah_suggestion	Commands believers to stand firm and remember Allah when meeting a force.	focus_2_214_cutoff_100.tsv	119	8738dfc4d6028c8f12f2a815eb3d9f16c2d2434cfe8716a4c647dcf9717d0e3a
directional_review	2:214	8:46	strong	strong	2:214	8:46	8:46	cross_surah	label_target_note	missing_ayah_suggestion	Commands obedience, unity, and patience, with Allah alongside the patient.	focus_2_214_cutoff_100.tsv	120	dfcd453a8437f8ced700884cba108035a5d3e42400371b09954b0e32e97d0264
directional_review	2:214	8:65	medium	medium	2:214	8:65	8:65	cross_surah	label_target_note	missing_ayah_suggestion	Links a patient band with overcoming a larger force by Allah's permission.	focus_2_214_cutoff_100.tsv	121	8ab62ad0e6739edb25953436153d9f420c5828ecebc4576a55f37ee14cad3638
directional_review	2:214	8:66	medium	medium	2:214	8:66	8:66	cross_surah	label_target_note	missing_ayah_suggestion	Continues the patient band's overcoming by Allah's permission.	focus_2_214_cutoff_100.tsv	122	95190da6c6534593ce56781e3c60e039980ae08b1528c863968988dcb12f2b16
directional_review	2:214	9:13	medium	medium	2:214	9:13	9:13	cross_surah	label_target_note	missing_ayah_suggestion	Calls believers to confront those who began aggression and broke commitments.	focus_2_214_cutoff_100.tsv	123	8ba723f5b76a25c2124b412521ef937353fec1967b29c334180897f5ef5d0f2a
directional_review	2:214	9:25	medium	medium	2:214	9:25	9:25	cross_surah	label_target_note	missing_ayah_suggestion	Recalls divine help at many battlefields and the test of Hunayn.	focus_2_214_cutoff_100.tsv	124	8002bc57780e15ff39facb9ebb773b68e528edefc17c6df9e8b7515d03f77d4f
directional_review	2:214	9:26	medium	medium	2:214	9:26	9:26	cross_surah	label_target_note	missing_ayah_suggestion	Shows Allah sending tranquility and unseen forces after distress.	focus_2_214_cutoff_100.tsv	125	bab6966d0a0643e65f680088c6e6e14f89289d3c25ebade1840c7a244fd86f87
directional_review	2:214	9:40	strong	strong	2:214	9:40	9:40	cross_surah	label_target_note	missing_ayah_suggestion	Shows Allah strengthening His messenger when human support failed.	focus_2_214_cutoff_100.tsv	126	3173cf59428919b1fe65d70bbec94115b5634d6d33bf8e358db6755235067d0d
directional_review	2:214	9:51	medium	medium	2:214	9:51	9:51	cross_surah	label_target_note	missing_ayah_suggestion	Locates every affliction within Allah's decree and names Him protector.	focus_2_214_cutoff_100.tsv	127	943b62c0d3299d7081c56777e4525463f018aba04ef13a23810e57aba03d511f
directional_review	2:214	9:52	medium	medium	2:214	9:52	9:52	cross_surah	label_target_note	missing_ayah_suggestion	Frames the believers' possible outcomes as good while awaiting Allah's judgment on opponents.	focus_2_214_cutoff_100.tsv	128	704f6c2d33b2dbbc30aa615df42f4638c15fb47523a62f82d358b9e119a9be5a
directional_review	2:214	9:111	medium	medium	2:214	9:111	9:111	cross_surah	label_target_note	missing_ayah_suggestion	Links the believers' offering of selves and wealth with the Garden.	focus_2_214_cutoff_100.tsv	129	ff03986f86ef78f723722658cf101f9dbeac1ed8139919aeedd88aaa80d8e5a8
directional_review	2:214	9:120	medium	medium	2:214	9:120	9:120	cross_surah	label_target_note	missing_ayah_suggestion	Counts thirst, fatigue, hunger, and difficult steps in Allah's way as recorded good deeds.	focus_2_214_cutoff_100.tsv	130	b42a628721036d77d14498ea9aecf1bbbc58526b7f23dc80c3d1f4fb18aa2ae2
directional_review	2:214	10:103	strong	strong	2:214	10:103	10:103	cross_surah	label_target_note	missing_ayah_suggestion	States the recurring rescue of messengers and believers as an obligation upon Allah.	focus_2_214_cutoff_100.tsv	131	a1ed37690bb078585e0afa552438a64bb6b6b5936f282d8bfc99e8f80f6f0f8c
directional_review	2:214	11:49	medium	medium	2:214	11:49	11:49	cross_surah	label_target_note	missing_ayah_suggestion	Tells the messenger to be patient, with the final outcome for the mindful.	focus_2_214_cutoff_100.tsv	132	a88c575abc9fb86c27c14719a895de9bff8f0ed9780ad7a2666e22a3cf64f841
directional_review	2:214	12:90	strong	strong	2:214	12:90	12:90	cross_surah	label_target_note	missing_ayah_suggestion	Links mindfulness and patience with Allah not wasting the reward of those who do good.	focus_2_214_cutoff_100.tsv	133	0d87538f345475069b43cab0641d8f5ba2cfc836f9826340da2858b2e0ca480e
directional_review	2:214	12:110	strong	strong	2:214	12:110	12:110	cross_surah	label_target_note	missing_ayah_suggestion	Places Allah's rescue after messengers face extreme denial and apparent delay.	focus_2_214_cutoff_100.tsv	134	45498ccbbfb01f7519e698a4eb3ce4d1c2f2a0dca16278bdec931133f5de5b4d
directional_review	2:214	13:22	medium	medium	2:214	13:22	13:22	cross_surah	label_target_note	missing_ayah_suggestion	Identifies patience seeking Allah's face among the faithful qualities.	focus_2_214_cutoff_100.tsv	135	11dc8c02ef13e5645888fcd49823e1c500bf025314a20cdb8fba32b5ee7fd2d0
directional_review	2:214	14:5	medium	medium	2:214	14:5	14:5	cross_surah	label_target_note	missing_ayah_suggestion	Commands remembrance of Allah's days and identifies signs for every patient, grateful person.	focus_2_214_cutoff_100.tsv	136	d713b5b69ecf2eaa098f3f554c8fa87973e52136f9e602fe8993681f6741ac79
directional_review	2:214	14:12	medium	medium	2:214	14:12	14:12	cross_surah	label_target_note	missing_ayah_suggestion	Models trust in Allah amid harm from opponents and calls on the reliant to rely on Him.	focus_2_214_cutoff_100.tsv	137	e68258c4b7e9a07259eec9155ec1a49cb511bae6d2bddb9e0fb234cdeafc8c6c
directional_review	2:214	14:13	strong	strong	2:214	14:13	14:13	cross_surah	label_target_note	missing_ayah_suggestion	Shows hostile peoples threatening expulsion while Allah promises the messengers' survival.	focus_2_214_cutoff_100.tsv	138	705b1f75907bcb6d1d92be4ae22fa3b8fc073d73044d4548c75e8cc36e6b7aeb
directional_review	2:214	14:14	strong	strong	2:214	14:14	14:14	cross_surah	label_target_note	missing_ayah_suggestion	Promises the messengers' followers succession after the wrongdoers' destruction.	focus_2_214_cutoff_100.tsv	139	c203137621d04ffb9c3325271550455fe30d37601f494712b11b614a82e84e22
directional_review	2:214	16:41	medium	medium	2:214	16:41	16:41	cross_surah	label_target_note	missing_ayah_suggestion	Promises a good settlement to those who emigrated after being wronged.	focus_2_214_cutoff_100.tsv	140	490d259f8c05e52531463e64eabd07e8bd10b0a88c9ab5512b1dd3f119ef89fd
directional_review	2:214	16:42	medium	medium	2:214	16:42	16:42	cross_surah	label_target_note	missing_ayah_suggestion	Praises those who were patient and relied on their Lord.	focus_2_214_cutoff_100.tsv	141	039c82cdf28256451922d40dbd9099a95a592bd6e17f3d6fc020fab96cb951da
directional_review	2:214	16:110	strong	strong	2:214	16:110	16:110	cross_surah	label_target_note	missing_ayah_suggestion	Names trial, migration, striving, and patience before Allah's mercy.	focus_2_214_cutoff_100.tsv	142	400fc57c08c4db082e71403bc19778b99128e64e2f466f6d46e930635c5622c0
directional_review	2:214	16:127	medium	medium	2:214	16:127	16:127	cross_surah	label_target_note	missing_ayah_suggestion	Commands patience and locates its source in Allah.	focus_2_214_cutoff_100.tsv	143	9456742a1f2b1599c09958e4812c1615bd0c1a6e7e9383db7c7e356fbb425685
directional_review	2:214	16:128	medium	medium	2:214	16:128	16:128	cross_surah	label_target_note	missing_ayah_suggestion	Places Allah with the mindful and those who do good.	focus_2_214_cutoff_100.tsv	144	1c0c3cf1b69c9a87399cedac9dcae4bbecdd42493596d60d9b1da0a4089afc3a
directional_review	2:214	20:130	medium	medium	2:214	20:130	20:130	cross_surah	label_target_note	missing_ayah_suggestion	Commands patience over what opponents say and sustained worship.	focus_2_214_cutoff_100.tsv	145	b08908030b5e83b54b8fa61af310c3dd12de479e1e9c3ef04d154f7cfa902cfc
directional_review	2:214	21:35	strong	strong	2:214	21:35	21:35	cross_surah	label_target_note	missing_ayah_suggestion	States that all are tested with evil and good before return to Allah.	focus_2_214_cutoff_100.tsv	146	58b256e0084526dd239ccdd705afad0e2335f07569d7a482773a9407636e8a76
directional_review	2:214	21:83	medium	medium	2:214	21:83	21:83	cross_surah	label_target_note	missing_ayah_suggestion	Presents Job's affliction and his appeal to his Lord.	focus_2_214_cutoff_100.tsv	147	f43d6a46fed0eb4ca704b8c2966feb32d5096c1fae3fcf6ec9e2f0359015571b
directional_review	2:214	21:84	medium	medium	2:214	21:84	21:84	cross_surah	label_target_note	missing_ayah_suggestion	Shows Allah removing Job's harm and restoring mercy.	focus_2_214_cutoff_100.tsv	148	60ad1bfffbcabbcaade3b296ef56fb10c9b19cb44a8ef6c413951be1446cb333
directional_review	2:214	22:35	strong	strong	2:214	22:35	22:35	cross_surah	label_target_note	missing_ayah_suggestion	Names patience over what befalls believers among the humble before Allah.	focus_2_214_cutoff_100.tsv	149	d6c9b09fa7c900ff303ea2a7904c17b12cd31b1c1ca45ed16fb80e5b9b1c930d
directional_review	2:214	22:38	medium	medium	2:214	22:38	22:38	cross_surah	label_target_note	missing_ayah_suggestion	Affirms Allah's defense of those who believe.	focus_2_214_cutoff_100.tsv	150	529f9ed5524dd7a01f4768f0b27e228be9d5391f6bbc3eac2250994a6a747838
directional_review	2:214	22:39	medium	medium	2:214	22:39	22:39	cross_surah	label_target_note	missing_ayah_suggestion	Grants permission to those fought because they were wronged and affirms Allah's power to help them.	focus_2_214_cutoff_100.tsv	151	087928cec004b12a7d660b64f0bc738ddb544e08a9625bbb9e12ad440374cad8
directional_review	2:214	22:40	strong	strong	2:214	22:40	22:40	cross_surah	label_target_note	missing_ayah_suggestion	Promises Allah's help to whoever helps His cause after being expelled unjustly.	focus_2_214_cutoff_100.tsv	152	f9909679d348e5c8a9231c017bb2e47cf57876603e2effff2134ff0ff9b29ea5
directional_review	2:214	22:58	medium	medium	2:214	22:58	22:58	cross_surah	label_target_note	missing_ayah_suggestion	Promises provision to those who emigrated in Allah's way and were killed or died.	focus_2_214_cutoff_100.tsv	153	da996b3ca95a8490c09a226335450caa4a1a517f041d0342692f3419b7154dac
directional_review	2:214	22:60	medium	medium	2:214	22:60	22:60	cross_surah	label_target_note	missing_ayah_suggestion	Promises Allah's help to one who answers wrongdoing proportionately and is then wronged.	focus_2_214_cutoff_100.tsv	154	66faaf1985467311baee1ad6c69d400946eaac506b31464277fb83e3eab00a2e
directional_review	2:214	22:78	medium	medium	2:214	22:78	22:78	cross_surah	label_target_note	missing_ayah_suggestion	Commands striving for Allah as He deserves and identifies the believers' inherited path.	focus_2_214_cutoff_100.tsv	155	c842f17c55de1f3f5da794bcb3f8faa534105751d6747d8992c8d2d927c3d0cb
directional_review	2:214	23:111	medium	medium	2:214	23:111	23:111	cross_surah	label_target_note	missing_ayah_suggestion	States that the patient receive the Garden and success.	focus_2_214_cutoff_100.tsv	156	c8c61d1735cb8e04e06d4440708543854743f5c6e1d8eadc79ee7cb67a5597ac
directional_review	2:214	25:20	medium	medium	2:214	25:20	25:20	cross_surah	label_target_note	missing_ayah_suggestion	Makes people a test for one another and asks whether they will be patient.	focus_2_214_cutoff_100.tsv	157	47dfd6113f4f93215141f599dcd6813a53cebb8bbd9797ce00dac9910b540987
directional_review	2:214	25:52	medium	medium	2:214	25:52	25:52	cross_surah	label_target_note	missing_ayah_suggestion	Commands great striving against deniers through the Quran.	focus_2_214_cutoff_100.tsv	158	a8da9b2179092252d1eee2296ead5ca061e51fce10b02368a655471876891d56
directional_review	2:214	29:2	strong	strong	2:214	29:2	29:2	cross_surah	label_target_note	missing_ayah_suggestion	Rejects the assumption that a profession of faith leaves people untested.	focus_2_214_cutoff_100.tsv	159	a64f26cfb96d2120191f07d8fb0235fe23cd8b6afe77b02533b517c783574611
directional_review	2:214	29:3	strong	strong	2:214	29:3	29:3	cross_surah	label_target_note	missing_ayah_suggestion	States that Allah tested those before to make truthfulness and falsehood manifest.	focus_2_214_cutoff_100.tsv	160	de4c9e488b817fde1289e87d11afc033c6fe1e012f9a882544c759c606ad4bde
directional_review	2:214	29:6	medium	medium	2:214	29:6	29:6	cross_surah	label_target_note	missing_ayah_suggestion	Defines striving as striving for one's own soul before Allah's self-sufficiency.	focus_2_214_cutoff_100.tsv	161	c308f969dedbbad1e68c01cef25d59392a57601a7410ab2bed6d921c7c305185
directional_review	2:214	29:58	medium	medium	2:214	29:58	29:58	cross_surah	label_target_note	missing_ayah_suggestion	Promises high dwellings in the Garden to believers who act righteously.	focus_2_214_cutoff_100.tsv	162	fe12affd958f126557b79232485ad606378d7ac2e935e9ac08a5967b1e3fc999
directional_review	2:214	29:59	medium	medium	2:214	29:59	29:59	cross_surah	label_target_note	missing_ayah_suggestion	Identifies the recipients as patient people who rely on their Lord.	focus_2_214_cutoff_100.tsv	163	207de612b3420034a746880d3b063c915c1e85d667cc3e12df02899dcbf7079d
directional_review	2:214	29:69	strong	strong	2:214	29:69	29:69	cross_surah	label_target_note	missing_ayah_suggestion	Promises Allah's ways to those who strive for Him.	focus_2_214_cutoff_100.tsv	164	0920a34be40522e307a3f7e8539e37531c3fad027814a4dfac09cfafbc8daf17
directional_review	2:214	30:60	medium	medium	2:214	30:60	30:60	cross_surah	label_target_note	missing_ayah_suggestion	Commands patience because Allah's promise is true.	focus_2_214_cutoff_100.tsv	165	3e1b3d563aa764396a9c4d612e66fa213e8d0655fcf80929bb9818ba818ec02f
directional_review	2:214	32:24	strong	strong	2:214	32:24	32:24	cross_surah	label_target_note	missing_ayah_suggestion	Links leadership by Allah's command with patience and certainty in His signs.	focus_2_214_cutoff_100.tsv	166	0a6eae6bf001aaedd30b9128a99c4096006c3648e90ba21327867148a3e2a0ee
directional_review	2:214	33:10	strong	strong	2:214	33:10	33:10	cross_surah	label_target_note	missing_ayah_suggestion	Describes the siege's overwhelming fear and hearts reaching throats.	focus_2_214_cutoff_100.tsv	167	42503b54964b58546acb7ad41bcc0737b6ee23f7f2c85001f1f243978067b6ba
directional_review	2:214	33:12	medium	medium	2:214	33:12	33:12	cross_surah	label_target_note	missing_ayah_suggestion	Records the hypocrites' claim that Allah's and His messenger's promise was deception during crisis.	focus_2_214_cutoff_100.tsv	168	ed092ae8d2f248a4d338b4226001cb2017fc85792fc650ff8061f7ef1b7aab4d
directional_review	2:214	33:22	strong	strong	2:214	33:22	33:22	cross_surah	label_target_note	missing_ayah_suggestion	Shows believers seeing the confederates and increasing in faith and submission.	focus_2_214_cutoff_100.tsv	169	a0b454ee63fdc495270d584fd5322243fb0d441605abe50ebb41b5a8770115a8
directional_review	2:214	33:23	medium	medium	2:214	33:23	33:23	cross_surah	label_target_note	missing_ayah_suggestion	Praises believers who fulfilled their covenant, whether martyred or still waiting.	focus_2_214_cutoff_100.tsv	170	0c50abd84af76bf74a9943e4b2facbdf8037a70bc80f06e19b53409c68658445
directional_review	2:214	33:25	strong	strong	2:214	33:25	33:25	cross_surah	label_target_note	missing_ayah_suggestion	Shows Allah repelling the confederates and sparing believers from battle.	focus_2_214_cutoff_100.tsv	171	6cbb30b9c6bba70dbeca4adcbe727268a2ff88de0ddafa31953fdea3aec7b831
directional_review	2:214	33:35	medium	medium	2:214	33:35	33:35	cross_surah	label_target_note	missing_ayah_suggestion	Names patient men and women among the believers promised forgiveness and reward.	focus_2_214_cutoff_100.tsv	172	db8b6aa3c954b055340d8bac04a1cd793a1809e86543db35bb5a2611beec587b
directional_review	2:214	39:10	strong	strong	2:214	39:10	39:10	cross_surah	label_target_note	missing_ayah_suggestion	Promises the patient their reward without measure.	focus_2_214_cutoff_100.tsv	173	fd9296999d79bdb26b0a42ca0290cacd9fed2029e49f4bb53ef2beb49215413d
directional_review	2:214	40:51	strong	strong	2:214	40:51	40:51	cross_surah	label_target_note	missing_ayah_suggestion	Affirms Allah's help for messengers and believers in worldly life and on the day witnesses stand.	focus_2_214_cutoff_100.tsv	174	24854ae00a25721584b11d7041f8881cbb835b3f6fb137b14db68b5cbd962471
directional_review	2:214	40:55	strong	strong	2:214	40:55	40:55	cross_surah	label_target_note	missing_ayah_suggestion	Commands patience because Allah's promise is true.	focus_2_214_cutoff_100.tsv	175	a22f68a7c59856d9a3071c605c2ea1a7a3c338dbe44fb6576efacbf2984c777f
directional_review	2:214	41:30	medium	medium	2:214	41:30	41:30	cross_surah	label_target_note	missing_ayah_suggestion	Promises steadfast believers reassurance and the Garden after they say Allah is their Lord and remain upright.	focus_2_214_cutoff_100.tsv	176	c60d43971ea7e22804e2491042489ad50d4cc65c46a4fb2814b42f0b0ac1694b
directional_review	2:214	42:43	medium	medium	2:214	42:43	42:43	cross_surah	label_target_note	missing_ayah_suggestion	Counts patience and forgiveness among matters requiring resolve.	focus_2_214_cutoff_100.tsv	177	a1923e54ed15bef2d8fb02721317063d616d12f0c6efd6a25d04f7026ecb1a73
directional_review	2:214	46:35	strong	strong	2:214	46:35	46:35	cross_surah	label_target_note	missing_ayah_suggestion	Commands the messenger to be patient like the resolute messengers before him and not hasten the promise.	focus_2_214_cutoff_100.tsv	178	f50edbdebc08b8508111aa1010c4c8ed8e853ecc99a7c7340319cd5e28704a2a
directional_review	2:214	47:7	strong	strong	2:214	47:7	47:7	cross_surah	label_target_note	missing_ayah_suggestion	Promises Allah's help and firm feet to believers who help His cause.	focus_2_214_cutoff_100.tsv	179	5a0eb02108afb1764db6ea5f7a715f89160386799329824ec8fea14f9d4da83d
directional_review	2:214	47:31	strong	strong	2:214	47:31	47:31	cross_surah	label_target_note	missing_ayah_suggestion	Explicitly states that Allah will test believers to know those who strive and are patient.	focus_2_214_cutoff_100.tsv	180	2fb765b76068e14e60c00f681d081e66702f972b12b932259fc800f1347f813e
directional_review	2:214	47:35	medium	medium	2:214	47:35	47:35	cross_surah	label_target_note	missing_ayah_suggestion	Forbids weakening or calling for compromise while believers have the upper hand and Allah is with them.	focus_2_214_cutoff_100.tsv	181	e74aceaf320f65c7dddc3dc31ac12e1941e7b6d74a2a3d8ad8345cd7f7071694
directional_review	2:214	48:18	medium	medium	2:214	48:18	48:18	cross_surah	label_target_note	missing_ayah_suggestion	Shows Allah's approval, tranquility, and near victory for believers under pressure.	focus_2_214_cutoff_100.tsv	182	b341538a03a95b770620d394f3aefdb274a581e2bd2699a30d7f2d702529c15b
directional_review	2:214	57:25	medium	medium	2:214	57:25	57:25	cross_surah	label_target_note	missing_ayah_suggestion	Links supporting Allah and His messengers with manifesting who supports Him unseen.	focus_2_214_cutoff_100.tsv	183	a6fa28afbd7ef9aae90c65a38042627ce07304275f8ac13c386aca2c886ac265
directional_review	2:214	58:21	medium	medium	2:214	58:21	58:21	cross_surah	label_target_note	missing_ayah_suggestion	Records Allah's decree that He and His messengers will prevail.	focus_2_214_cutoff_100.tsv	184	10999156ccf81e1c84b5114b8592894a12e45a91199d01519737c9c61fecc424
directional_review	2:214	61:4	medium	medium	2:214	61:4	61:4	cross_surah	label_target_note	missing_ayah_suggestion	Praises those who fight in Allah's cause in a firm, ordered line.	focus_2_214_cutoff_100.tsv	185	c51f55774e5a2df744684e964e7bb2f479bbb0144da72099637c42381a1c200d
directional_review	2:214	61:10	medium	medium	2:214	61:10	61:10	cross_surah	label_target_note	missing_ayah_suggestion	Offers a path of faith and striving that saves from painful punishment.	focus_2_214_cutoff_100.tsv	186	1cc3381feb208beae067db45e6a271753e64847c2b09b7a912961c328c4ff68f
directional_review	2:214	61:11	medium	medium	2:214	61:11	61:11	cross_surah	label_target_note	missing_ayah_suggestion	Defines that saving path through faith and striving with wealth and selves.	focus_2_214_cutoff_100.tsv	187	a2d7fc2d52a7e6748097a78f5363170cd3e544bc12560565a1dceb8c4b1e17b4
directional_review	2:214	61:12	medium	medium	2:214	61:12	61:12	cross_surah	label_target_note	missing_ayah_suggestion	Promises forgiveness and gardens as the outcome of that striving.	focus_2_214_cutoff_100.tsv	188	9213e99bbb2de227efb428e640ea71aedcc324d1aab0743b3fc66604ef2195cd
directional_review	2:214	64:11	medium	medium	2:214	64:11	64:11	cross_surah	label_target_note	missing_ayah_suggestion	States that no affliction occurs except by Allah's permission and guides the believing heart.	focus_2_214_cutoff_100.tsv	189	7918dda586d5d63791d151ea5fdd8dce2a855fe3a6e6b1869d9943f2637d83d8
directional_review	2:214	65:2	medium	medium	2:214	65:2	65:2	cross_surah	label_target_note	missing_ayah_suggestion	Promises a way out to whoever is mindful of Allah.	focus_2_214_cutoff_100.tsv	190	eb1f63c073499d7ca8bcfe4fb0c7d37a71154ce70fa837ef9ac9eb2f1ee90c51
directional_review	2:214	65:3	medium	medium	2:214	65:3	65:3	cross_surah	label_target_note	missing_ayah_suggestion	Promises provision from unexpected sources and sufficiency to whoever relies on Allah.	focus_2_214_cutoff_100.tsv	191	c956e546b5ea52bcb9248f49c1cc2598ef4ac272794e558db4ab52355a3fa845
directional_review	2:214	65:4	medium	medium	2:214	65:4	65:4	cross_surah	label_target_note	missing_ayah_suggestion	Promises ease in the affair of whoever is mindful of Allah.	focus_2_214_cutoff_100.tsv	192	8864512619edb1e5180b488cfd6961a86ad0bb245969e9a8d208a77b25f9590a
directional_review	2:214	70:5	medium	medium	2:214	70:5	70:5	cross_surah	label_target_note	missing_ayah_suggestion	Commands beautiful patience.	focus_2_214_cutoff_100.tsv	193	20d60ac49c37e6729124b45917e1f2f8815735b86d7daac79045b187a978097d
directional_review	2:214	76:12	medium	medium	2:214	76:12	76:12	cross_surah	label_target_note	missing_ayah_suggestion	Promises the Garden and silk as recompense for patience.	focus_2_214_cutoff_100.tsv	194	3ac96fb87cbf4eedbe630cb04f6e88241fffdc47d0420ea8e952dfac9d4bdffc
directional_review	2:214	94:5	medium	medium	2:214	94:5	94:5	cross_surah	label_target_note	missing_ayah_suggestion	Pairs hardship with ease.	focus_2_214_cutoff_100.tsv	195	e6368dc786f1cfda7f87c7830959cefcd1f8741faf91c8fe4d4a593817652319
directional_review	2:214	94:6	medium	medium	2:214	94:6	94:6	cross_surah	label_target_note	missing_ayah_suggestion	Repeats that hardship comes with ease.	focus_2_214_cutoff_100.tsv	196	b03ba8e04dd5915f576b0c55c7f9d05ed093a7a3144e1374bfd64a3ca6467591
directional_review	2:214	103:3	medium	medium	2:214	103:3	103:3	cross_surah	label_target_note	missing_ayah_suggestion	Makes mutual exhortation to truth and patience the condition exempting people from loss.	focus_2_214_cutoff_100.tsv	197	5b671cc7747ef606187d875c26ae70c1eb14ed463e221df42daaf260875d8ed1
reciprocal_counterevidence	2:214	2:9		no value	2:9	2:214	2:214	same_surah	label_target_note	ranked_review	Generic trial and belief language has no focused relation.	focus_2_9_cutoff_100.tsv	90	fb0142e2d973cc949b87c83f8268bc39e0561ba55d2340e30a424c15e0e20d7a
reciprocal_nomination	2:214	2:14		weak	2:14	2:214	2:214	same_surah	label_target_note	ranked_review	Past generations and trial add little to the focus after closer public/private parallels.	focus_2_14_cutoff_100.tsv	22	bb3b0ba2a5aabab01526c759245e6dc74c72ce126870e7391acaacf798707327
reciprocal_nomination	2:214	2:21		weak	2:21	2:214	2:214	same_surah	label_target_note	ranked_review	Earlier believers' trial offers a distant historical parallel, not the command's rationale.	focus_2_21_cutoff_100.tsv	57	394baecfa07aaf33c9a1cd44f02352d3f9280c599718a4fc5efd77e88eecb32b
reciprocal_counterevidence	2:214	2:80		no value	2:80	2:214	2:214	same_surah	label_target_note	ranked_review	Worldly hardship and promised help are outside the asserted exemption.	focus_2_80_cutoff_100.tsv	65	2fa21c223bec1688fae2a1a2dae5a07b72e4c79944bd91e894e9d93f5736c447
reciprocal_nomination	2:214	2:111		medium	2:111	2:214	2:214	same_surah	label_target_note	ranked_review	Questions assumed garden entry and introduces testing, adding a distinct limit on presumption.	focus_2_111_cutoff_100.tsv	85	a4e36065ffaa732b496d0b9dc7ab8ad57b57faa8d685e4cee6690e354137d4c8
reciprocal_nomination	2:214	2:153		strong	2:153	2:214	2:214	same_surah	label_target_note	missing_ayah_suggestion	Adds a severe trial scene and the assurance that God's help is near.	focus_2_153_cutoff_100.tsv	137	79f8e1d1375222e08976dcb1f8f8321e7938f439e787942463fd9939e3085840
reciprocal_nomination	2:214	2:155		strong	2:155	2:214	2:214	same_surah	label_target_note	missing_ayah_suggestion	Hardship and shaking test communal endurance before promised help.	focus_2_155_cutoff_100.tsv	102	47045a7aa2d873f3f271c9725440fec43824ee0db8392cad4301bcc1a680569c
reciprocal_nomination	2:214	2:156		strong	2:156	2:214	2:214	same_surah	label_target_note	missing_ayah_suggestion	Names severe hardship and the believers' cry before promised help, a close trial-context parallel.	focus_2_156_cutoff_100.tsv	102	d751d930e805ef9917151357b4a9dcecd803859c226e4dc7ed3aa297f63d753f
reciprocal_nomination	2:214	2:177		strong	2:177	2:214	2:214	same_surah	label_target_note	ranked_review	Uses the very terms hardship and adversity to frame perseverance before relief.	focus_2_177_cutoff_100.tsv	43	3a79bbebda64c2553d8ca719a131302d88881bbfe864f5a898cc6228cec5d5d2
reciprocal_nomination	2:214	2:186		medium	2:186	2:214	2:214	same_surah	label_target_note	ranked_review	Assures that Allah's help is near amid hardship, complementing divine nearness in 2:186.	focus_2_186_cutoff_100.tsv	69	ffb831d6e31c8e0f09a33411ff26ef3d74802ed8f2c6a0e72120a2d786fa9eca
reciprocal_nomination	2:214	2:194		weak	2:194	2:214	2:214	same_surah	label_target_note	ranked_review	Hardship and divine help do not clarify proportional retaliation.	focus_2_194_cutoff_100.tsv	86	ae61617664229c33bd2f564fd7b7828f40969a74a9b140b9d3999f385a79c174
reciprocal_nomination	2:214	2:204		medium	2:204	2:214	2:214	same_surah	label_target_note	ranked_review	The neighboring trial of believers contrasts enduring faith with outward religion that is not tested by action.	focus_2_204_cutoff_100.tsv	38	502d5f01edb6867839f47d959f370b73bcb4aedb4f3c834276802a3e93d8d431
reciprocal_counterevidence	2:214	2:205		no value	2:205	2:214	2:214	same_surah	label_target_note	ranked_review	Hardship and expected help do not clarify فساد or the ruined objects.	focus_2_205_cutoff_100.tsv	26	6776187af5d124f7a4da9e64d47a1046025a2d7641777c2adb651a4d95c3695a
reciprocal_counterevidence	2:214	2:206		no value	2:206	2:214	2:214	same_surah	label_target_note	ranked_review	Trial and promised aid do not clarify the prideful response or its punishment.	focus_2_206_cutoff_100.tsv	29	c09e8b43c26f20ef9a04237e4471d03e50a5ee97732d82965d23fcb0f0e0736c
reciprocal_nomination	2:214	2:207		medium	2:207	2:214	2:214	same_surah	label_target_note	ranked_review	Hardship before entering the Garden gives a local cost-of-faith context.	focus_2_207_cutoff_100.tsv	29	546eb408b4a5cfda1e5057d3346474fb9f7ed6de4020d8eaea2883737909616e
reciprocal_nomination	2:214	2:208		medium	2:208	2:214	2:214	same_surah	label_target_note	ranked_review	Presents trial before entry into the garden, adding endurance to the path of believers.	focus_2_208_cutoff_100.tsv	38	42003572eccf0ac64575e2ad7d2366114a2a21b689cdb523975a8c00dafaed41
reciprocal_nomination	2:214	2:209		weak	2:209	2:214	2:214	same_surah	label_target_note	ranked_review	It concerns trial and awaited help, not lapse after proofs.	focus_2_209_cutoff_100.tsv	26	0bc1531a33e6b134e312a12f0f5437ea76b92d0071fa19cd7048f4103e8e06ab
reciprocal_nomination	2:214	2:210		medium	2:210	2:214	2:214	same_surah	label_target_note	ranked_review	It continues the local progression from trial and delayed help to confidence that Allah's help is near.	focus_2_210_cutoff_100.tsv	29	3ef7e30f94dfca8de7b2761715344b0c4d0ba7a87d052e6d073b4ca78cd06779
reciprocal_nomination	2:214	2:211		medium	2:211	2:214	2:214	same_surah	label_target_note	ranked_review	The nearby precedent of earlier believers supplies a trial context.	focus_2_211_cutoff_100.tsv	35	be7cfaa83708db2f25a827f5388e39e065aeb495f659cafc1235c6bab538a8cf
reciprocal_nomination	2:214	2:212		medium	2:212	2:214	2:214	same_surah	label_target_note	ranked_review	Locates believers' hardship within the nearby expectation of God's approaching help.	focus_2_212_cutoff_100.tsv	26	9a473f80d1b041da4f67b00ed43914789cdab02b890953937ed14a8d38e8c3f1
reciprocal_nomination	2:214	2:213		medium	2:213	2:214	2:214	same_surah	label_target_note	ranked_review	It follows 2:213 with the testing endured by earlier believing communities before divine help.	focus_2_213_cutoff_100.tsv	38	bfe18fda68421330f5644a4d2f255754acdb90c4f4f7dfe4a48dc267bccb5b65
reciprocal_nomination	2:214	2:215		weak	2:215	2:214	2:214	same_surah	label_target_note	ranked_review	Adds nearby trial context but not giving or recipients.	focus_2_215_cutoff_100.tsv	26	6a4a785801649da8c356b21ea54768ec78e927a9d1e66686a78968fdfd465a06
reciprocal_nomination	2:214	2:216		strong	2:216	2:214	2:214	same_surah	label_target_note	ranked_review	It places severe hardship before entry into the Garden and affirms near divine help.	focus_2_216_cutoff_100.tsv	32	58187c162e887e00bb87c2b78f12aac1056b64f108804c1fcbde3d5fa780aa5b
reciprocal_nomination	2:214	2:217		medium	2:217	2:214	2:214	same_surah	label_target_note	ranked_review	Frames believers' hardship and testing as a context for perseverance, without specifying the dispute in 2:217.	focus_2_217_cutoff_100.tsv	26	f3ba7db3f8af66b2566bcfce0c8d73309cec3a97a86bb5723ef32b7fb3c4a352
reciprocal_nomination	2:214	2:218		medium	2:218	2:214	2:214	same_surah	label_target_note	ranked_review	Places believers under severe trial while affirming God's near help, giving context for perseverance and hope.	focus_2_218_cutoff_100.tsv	8	6d1825846995798538a7ea4b61d80de02e0c85ebcc620edc5fd0810090a9fa9b
reciprocal_counterevidence	2:214	2:219		no value	2:219	2:214	2:214	same_surah	label_target_note	ranked_review	No material bearing on 2:219.	focus_2_219_cutoff_100.tsv	32	35e777b6e844dae1a05788117fc081fb9af4f9a2f53d56efa94de7231def499c
reciprocal_nomination	2:214	2:220		weak	2:220	2:214	2:214	same_surah	label_target_note	ranked_review	Mentions hardship but does not address reform or orphan relations.	focus_2_220_cutoff_100.tsv	17	e4f8c5548597db92cf5788d3a4c13023d6f77afb711864b561305f32890f245e
reciprocal_counterevidence	2:214	2:222		no value	2:222	2:214	2:214	same_surah	label_target_note	ranked_review	Trial and divine help do not add to 2:222.	focus_2_222_cutoff_100.tsv	64	229562c231bdd0d213b72ecdd2ebc799d38ea414708c70ff4537a7e768e9011d
reciprocal_counterevidence	2:214	2:237		no value	2:237	2:214	2:214	same_surah	label_target_note	ranked_review	Hardship and divine help do not clarify the marital ruling.	focus_2_237_cutoff_100.tsv	81	71c423cd7e1bd12bef5a39b191f61f579e91df5e58289d3879ba2a5e587fb722
reciprocal_nomination	2:214	2:246		medium	2:246	2:214	2:214	same_surah	label_target_note	missing_ayah_suggestion	It makes hardship a test before promised entry, framing the questioner's anticipated trial.	focus_2_246_cutoff_100.tsv	103	121ab9c76f20b3b0f8b282285ca7ce156973fdf610969206ba288cf5d8825054
reciprocal_nomination	2:214	2:249		strong	2:249	2:214	2:214	same_surah	label_target_note	missing_ayah_suggestion	Depicts believers tested by hardship until they ask when God's help will come, matching the passage's ordeal and confidence in aid.	focus_2_249_cutoff_100.tsv	102	de876d736419d3f602ca1b3860d7e34946e53cb79edb2c065e299655871f81f1
reciprocal_nomination	2:214	2:250		strong	2:250	2:214	2:214	same_surah	label_target_note	ranked_review	It places hardship and shaking before the question of God's help, then declares that God's help is near.	focus_2_250_cutoff_100.tsv	72	171decb6b2566214a369f1c103380a82cdc21cd469c78e622492a7d10f0acc16
reciprocal_nomination	2:214	2:273		weak	2:273	2:214	2:214	same_surah	label_target_note	ranked_review	Names severe hardship endured by believers, broadly contextualizing vulnerability.	focus_2_273_cutoff_100.tsv	86	9cd70c8b814d7db36dcf02d6577d656735e0a744586a293973850bc8377923a0
reciprocal_nomination	2:214	2:286		medium	2:286	2:214	2:214	same_surah	label_target_note	missing_ayah_suggestion	Promises that God's help is near amid hardship.	focus_2_286_cutoff_100.tsv	108	1429de05cbee479fc16a285e8277751464a00c9deac451885faea39b67f8c88d
reciprocal_nomination	2:214	3:53		medium	3:53	2:214	2:214	cross_surah	label_target_note	ranked_review	The messenger and believers together under trial add a secondary picture of communal solidarity with him.	focus_3_53_cutoff_100.tsv	91	1873983e2c23514cc3acf43d63f980e291276cb4accce8ea4f93c9a399c36c39
reciprocal_nomination	2:214	3:56		medium	3:56	2:214	2:214	cross_surah	label_target_note	ranked_review	It shows that severe trial can coexist with the nearness of divine help, a secondary contrast.	focus_3_56_cutoff_100.tsv	72	b41fbe57ef0dc532bad7dff81ada6899100a25ba48870fa8cbb323e6ef5e13e6
reciprocal_counterevidence	2:214	3:59		no value	3:59	2:214	2:214	cross_surah	label_target_note	ranked_review	The trial-and-help pattern is unrelated to Jesus and Adam's origin.	focus_3_59_cutoff_100.tsv	15	b7bf61ce06f8b16bcfe18cde12aaeeafe10b86246a3ef5a4ae7e1aed0acc13ad
reciprocal_nomination	2:214	3:120		medium	3:120	2:214	2:214	cross_surah	label_target_note	missing_ayah_suggestion	Severe testing and the question of when help comes give patience an adversity-under-pressure setting.	focus_3_120_cutoff_100.tsv	101	8ddf73742cf1b06d6c0eccc899fa3771fb2d45d4e6e5257bb3fbd9baab61b68a
reciprocal_nomination	2:214	3:123		medium	3:123	2:214	2:214	cross_surah	label_target_note	ranked_review	Severe trial can precede rather than negate the nearness of divine help.	focus_3_123_cutoff_100.tsv	60	dcea1c8afdd8fe06d4dfaeee0f9622f4c0c7a862fe85de9b80ba8e13a59484e0
reciprocal_nomination	2:214	3:134		medium	3:134	2:214	2:214	cross_surah	label_target_note	ranked_review	Names severe hardship as part of the believers' testing, giving depth to al-darra'.	focus_3_134_cutoff_100.tsv	31	db46a2f57ba9fc2c91009ee8ff5c4a22f42c9b43446b05483d9f210dd6fc9f34
reciprocal_nomination	2:214	3:139		medium	3:139	2:214	2:214	cross_surah	label_target_note	missing_ayah_suggestion	Recalls severe shaking before divine help, giving a broad precedent for endurance under trial.	focus_3_139_cutoff_100.tsv	127	d31111febcda919dc8c93b14c0ed224c5e3d94285d333c46b7dcc85bfc456005
reciprocal_nomination	2:214	3:140		strong	3:140	2:214	2:214	cross_surah	label_target_note	missing_ayah_suggestion	Hardship and shaking before entry provide a direct precedent for a community tested under extreme pressure.	focus_3_140_cutoff_100.tsv	106	e070c87989f8a81be85e3e72426d575e21a1a6e2e745ac92ed9134ed46e1dc7f
reciprocal_nomination	2:214	3:141		strong	3:141	2:214	2:214	cross_surah	label_target_note	ranked_review	Adversity and shaking before entry make trial a direct precondition, strongly illuminating pressure in 3:141.	focus_3_141_cutoff_100.tsv	55	bd3633d83ba0ea333099d26ca46f10e5fa16545a0f23af97d669276d9a00d4a9
reciprocal_nomination	2:214	3:142		strong	3:142	2:214	2:214	cross_surah	label_target_note	ranked_review	Parallel entry-to-jannah challenge sets severe ordeal before the sought entry.	focus_3_142_cutoff_100.tsv	4	a2b6b2492a18db741b78ca334ca1bdf7c1ba19e64a958a19b7ccf0a512a90765
reciprocal_nomination	2:214	3:146		strong	3:146	2:214	2:214	cross_surah	label_target_note	missing_ayah_suggestion	Places severe shaking before the question of divine help.	focus_3_146_cutoff_100.tsv	102	4244fd86d8915cb514ecb222e70bab78fed87144152a23ae157db1276d207d3a
reciprocal_nomination	2:214	3:147		strong	3:147	2:214	2:214	cross_surah	label_target_note	missing_ayah_suggestion	Hardship, shaking, and near-relief supply a direct endurance horizon.	focus_3_147_cutoff_100.tsv	102	cf23e2257bed85e4567ee556651d4db6124659085c0217f6195c6d5e67520d04
reciprocal_nomination	2:214	3:154		medium	3:154	2:214	2:214	cross_surah	label_target_note	missing_ayah_suggestion	Adds severe shaking and the question of help amid communal distress.	focus_3_154_cutoff_100.tsv	103	6fb82bcd436ae5d9c9db2a8a8ae0bf93a5936991cf845c12527460d32830d940
reciprocal_nomination	2:214	3:160		medium	3:160	2:214	2:214	cross_surah	label_target_note	ranked_review	Severe trial can coexist with the nearness of God's help, qualifying any reading that divine support excludes hardship or delay.	focus_3_160_cutoff_100.tsv	78	4fbdbef4afbb5b62c190f3e6becd72f5a8687ae85a5ca4c4baea95baaaf00d06
reciprocal_nomination	2:214	3:166		strong	3:166	2:214	2:214	cross_surah	label_target_note	missing_ayah_suggestion	Hardship and shaking precede a question of divine help, making adversity a condition that tests claimed belief.	focus_3_166_cutoff_100.tsv	102	196154b4e5babd28a7b13893eeb134ba55775edfcb9b3cbe63055609ced73c67
reciprocal_nomination	2:214	3:172		strong	3:172	2:214	2:214	cross_surah	label_target_note	missing_ayah_suggestion	Places severe trial and shaking beside the expectation of divine help.	focus_3_172_cutoff_100.tsv	113	4f15eadb61d51ac0767d57848f61799b0e85bb2c36f66431f0fb69c31e7fe11b
reciprocal_nomination	2:214	3:173		medium	3:173	2:214	2:214	cross_surah	label_target_note	missing_ayah_suggestion	Places believers under severe pressure while holding divine help as near.	focus_3_173_cutoff_100.tsv	101	42539cbb5a16fce3ddc27352abc146b9c0717e813888233d4b36faec971aabd8
reciprocal_nomination	2:214	3:179		medium	3:179	2:214	2:214	cross_surah	label_target_note	missing_ayah_suggestion	Shows that entry among believers is not presumed apart from trial.	focus_3_179_cutoff_100.tsv	103	9fdaabb1427a7e40a0d27c8ea5e71a1b06ba3e25af8dc8e91fdc9fd58fa22013
reciprocal_nomination	2:214	3:183		weak	3:183	2:214	2:214	cross_surah	label_target_note	ranked_review	Near help under trial is a separate temporal reading.	focus_3_183_cutoff_100.tsv	36	4fc55c8660f99c5b626ca995a815a3860662aaf0f130789954e504f7991958f2
reciprocal_nomination	2:214	3:186		strong	3:186	2:214	2:214	cross_surah	label_target_note	missing_ayah_suggestion	Foretells severe communal pressure and shaking before the hoped-for outcome.	focus_3_186_cutoff_100.tsv	101	90ac6df6a3f751fdf774f47076ab2770232c3e5cf67efd35f2c18619b45679f4
reciprocal_nomination	2:214	3:192		weak	3:192	2:214	2:214	cross_surah	label_target_note	ranked_review	Weak V12 entry evidence and a plea for divine support are only a distant parallel.	focus_3_192_cutoff_100.tsv	51	07ad89c861b94210eb3b7f2a243a4f6ef17acbe9599af2073439e518313626a3
reciprocal_counterevidence	2:214	4:11		no value	4:11	2:214	2:214	cross_surah	label_target_note	ranked_review	Trial and promised help do not clarify the family allocation rule.	focus_4_11_cutoff_100.tsv	18	fae6ab96913ae291000d588f56cefbba3d8a83915e7d6aa1b69f4d08679ee717
reciprocal_nomination	2:214	4:31		weak	4:31	2:214	2:214	cross_surah	label_target_note	ranked_review	Garden entry after ordeal is a broad outcome parallel, lacking the focus's avoidance and takfir sequence.	focus_4_31_cutoff_100.tsv	90	9ce12752c110c4df8fe56cab621f474033a7558254609a062fe1ab2365428290
reciprocal_counterevidence	2:214	4:33		no value	4:33	2:214	2:214	cross_surah	label_target_note	ranked_review	Trial before divine help does not connect to the focus's shares or pledged parties.	focus_4_33_cutoff_100.tsv	90	6021f664d330f2deae973d8b2cce7e8e8bfa4fe3228538a94e6264cd980d7354
reciprocal_nomination	2:214	4:52		weak	4:52	2:214	2:214	cross_surah	label_target_note	ranked_review	Its weak package route makes divine help a broad positive counterpart, but the testing setting is not focus-specific.	focus_4_52_cutoff_100.tsv	90	b63e2ebafb4fe4c6d2078b7d43d3f0dde5dbda6ca6ef0062d96885d8cfdc0d3c
reciprocal_nomination	2:214	4:77		medium	4:77	2:214	2:214	cross_surah	label_target_note	ranked_review	Severe distress, a question about help, and the declaration of nearness offer a related fear-and-nearness frame.	focus_4_77_cutoff_100.tsv	91	91670a5311c422aa8eeef3498aa8df946443b87155bb6b75ce0339a41cd9c276
reciprocal_nomination	2:214	4:104		strong	4:104	2:214	2:214	cross_surah	label_target_note	missing_ayah_suggestion	Hardship, shaking, and expectation of Allah's help give a close endurance horizon.	focus_4_104_cutoff_100.tsv	104	81e6810823cce1bbd3150cf242a02bff428a52ebdbb36bb2a9356d0b82de26e6
reciprocal_nomination	2:214	5:22		weak	5:22	2:214	2:214	cross_surah	label_target_note	ranked_review	Entry after trial is a generic, provisional threshold parallel.	focus_5_22_cutoff_100.tsv	60	104c86b827f203f9a409edf8b59e363654e4988dceb2c2a6d88f8be299a28811
reciprocal_counterevidence	2:214	5:36		no value	5:36	2:214	2:214	cross_surah	label_target_note	ranked_review	Trial and divine help do not clarify ransom or acceptance.	focus_5_36_cutoff_100.tsv	55	dd5af2ce8ab54b2b3abccbbf8395d84dcf63098bcc21ae348381b8ddbfe3decd
reciprocal_nomination	2:214	5:65		weak	5:65	2:214	2:214	cross_surah	label_target_note	ranked_review	Garden entry is framed through trial, but it does not resolve 5:65's stated conditions.	focus_5_65_cutoff_100.tsv	82	e697a2100f0ff0f93b802d4e2e1880029f8ebe0ce12b4b130cd1822276e1f31d
reciprocal_nomination	2:214	5:71		medium	5:71	2:214	2:214	cross_surah	label_target_note	ranked_review	Counters an expectation of entry without the trials faced by earlier communities.	focus_5_71_cutoff_100.tsv	69	0f200f9d7c35a72e916d81dde9edec0446764ed564420e14ac087f7031adab2e
reciprocal_nomination	2:214	5:82		weak	5:82	2:214	2:214	cross_surah	label_target_note	ranked_review	Near divine help is not the social nearness in the focus.	focus_5_82_cutoff_100.tsv	87	4c4804376d377c2d78a17cc96c3e12e39782552eed0fb00b8b10ab9d22281789
reciprocal_counterevidence	2:214	5:95		no value	5:95	2:214	2:214	cross_surah	label_target_note	ranked_review	No meaningful connection beyond general hardship.	focus_5_95_cutoff_100.tsv	90	091ad4879e8104be0d897e2c03ae0bef7e29c88092d9ac3e75e6225f48eb6f7b
reciprocal_counterevidence	2:214	5:104		no value	5:104	2:214	2:214	cross_surah	label_target_note	ranked_review	Past communal trials do not address the focus.	focus_5_104_cutoff_100.tsv	82	e6a3f58564db49414d3dab6c45d78bdee2702af4f46234fe875d482013fa62a8
reciprocal_nomination	2:214	6:17		medium	6:17	2:214	2:214	cross_surah	label_target_note	missing_ayah_suggestion	مستهم البأساء والضراء gives an affliction boundary preceding divine نصر.	focus_6_17_cutoff_100.tsv	118	6c48dd9d7c45800be39865cc8c1398a4c5d138c11ea84678d5c2c4dc4315ca90
reciprocal_counterevidence	2:214	6:38		no value	6:38	2:214	2:214	cross_surah	label_target_note	ranked_review	No focused contribution.	focus_6_38_cutoff_100.tsv	98	222e32eccf2270883c059cebd912ebe361a989a004301cb3188ff00bf2556ad3
reciprocal_nomination	2:214	6:42		medium	6:42	2:214	2:214	cross_surah	label_target_note	ranked_review	Shared basaa and darraa broaden hardship context, with a different response.	focus_6_42_cutoff_100.tsv	25	2ccf092d7bf20efeccf712849b700de04c7ba0240ba5dd6283dc42e83dd8d8a9
reciprocal_nomination	2:214	7:30		weak	7:30	2:214	2:214	cross_surah	label_target_note	ranked_review	Corrects an expectation about entering the garden, only distantly paralleling false supposition.	focus_7_30_cutoff_100.tsv	60	0b1f5eb920392484715f6f6b6d701dd9a0754b3c29eb4dcfb18d5e8bd8f660af
reciprocal_nomination	2:214	7:38		medium	7:38	2:214	2:214	cross_surah	label_target_note	ranked_review	Entry is conditioned by the example of prior people, adding a limited continuity motif.	focus_7_38_cutoff_100.tsv	49	dcee45b1ab3deee72b5f3a6bd4659bb41cad66c7d52a04893d09ce65ea1f5b55
reciprocal_nomination	2:214	7:49		medium	7:49	2:214	2:214	cross_surah	label_target_note	ranked_review	Adds trial before garden entry, a distinct condition but less direct than the local context.	focus_7_49_cutoff_100.tsv	87	ea1848443ea2102dd931bab82f6ca42f73bcee150bf95429b1989dbe594432b5
reciprocal_nomination	2:214	7:94		medium	7:94	2:214	2:214	cross_surah	label_target_note	ranked_review	Shows hardship as testing for believers rather than corrective taking of rejecters.	focus_7_94_cutoff_100.tsv	25	7e2b1b0b13aa3ff284bad25906d0b39a53faf22449eb6a12de1a0ffdef51004e
reciprocal_nomination	2:214	7:128		medium	7:128	2:214	2:214	cross_surah	label_target_note	missing_ayah_suggestion	Places severe communal trial beside the question of divine help and the assurance of its nearness.	focus_7_128_cutoff_100.tsv	110	ae696784507002466fa4aea1590cdf108a0401d7be5907bce3d85a67cae5837e
reciprocal_nomination	2:214	7:131		weak	7:131	2:214	2:214	cross_surah	label_target_note	ranked_review	Shared hardship with the messenger supplies a broad trial context, not attribution evidence.	focus_7_131_cutoff_100.tsv	74	a1d01d6c088791090ed67b6b309e367f00295ffe3fb4d664a0ea9a09f9c2504a
reciprocal_nomination	2:214	7:157		medium	7:157	2:214	2:214	cross_surah	label_target_note	ranked_review	Adds a Messenger-and-believers hardship setting in which nasr is awaited.	focus_7_157_cutoff_100.tsv	52	70b16af7ea1994d2090f192ea205340cb6c22ed7d5a33d17b98a9c0f64ab9c04
reciprocal_nomination	2:214	8:9		medium	8:9	2:214	2:214	cross_surah	label_target_note	missing_ayah_suggestion	Places the question of divine help within severe communal trial.	focus_8_9_cutoff_100.tsv	109	3359f9f66c272532fa5c1375647a0dd844cfbc4375ffbee2e1275ca8000b8fd1
reciprocal_nomination	2:214	8:10		strong	8:10	2:214	2:214	cross_surah	label_target_note	missing_ayah_suggestion	Pairs severe trial with the announced nearness of divine help.	focus_8_10_cutoff_100.tsv	101	dd93390a0b7db6770009a727b5a2d47895363cf9e63f22cbcd0dccd9edd2454d
reciprocal_nomination	2:214	8:17		medium	8:17	2:214	2:214	cross_surah	label_target_note	missing_ayah_suggestion	Adversity and shaking before relief give a secondary believer-testing parallel.	focus_8_17_cutoff_100.tsv	103	dda1248dbbafda5afcadc5728bc493162c9c434b1868303dd80afef659591b75
reciprocal_nomination	2:214	8:43		medium	8:43	2:214	2:214	cross_surah	label_target_note	missing_ayah_suggestion	Shows a community shaken under pressure before help arrives.	focus_8_43_cutoff_100.tsv	119	9c2d936e6d78bdbb49aa5e868a344068ecaf766b1373c9112795d7fd7caadafc
reciprocal_nomination	2:214	8:59		weak	8:59	2:214	2:214	cross_surah	label_target_note	ranked_review	Trial and near help provide broad assurance but not the escape calculation.	focus_8_59_cutoff_100.tsv	42	d0f7042eb210858f2a28e78b533888fa033d994f761d3205f7ac9f1df80f2a5a
reciprocal_nomination	2:214	8:66		medium	8:66	2:214	2:214	cross_surah	label_target_note	missing_ayah_suggestion	Communal testing and delayed help frame endurance before divine aid, though without the focus's numerical recalibration.	focus_8_66_cutoff_100.tsv	103	93738b5574abf33923f6e7f2d199dddd5475aa4a4ba16a75e392dfce11bcf07f
reciprocal_nomination	2:214	9:14		medium	9:14	2:214	2:214	cross_surah	label_target_note	missing_ayah_suggestion	Severe communal trial culminates in the nearness of divine help.	focus_9_14_cutoff_100.tsv	226	99e0f3d635dd1cdd602139f4e5115415ab6648839b7e301b0fa3b1217b1d3df5
reciprocal_nomination	2:214	9:16		medium	9:16	2:214	2:214	cross_surah	label_target_note	ranked_review	Parallels the testing question, but frames entry through collective ordeal.	focus_9_16_cutoff_100.tsv	4	31cda603abe183da7fde8a7edab0b203ad8594821b59871c95550d8f26cc0878
reciprocal_nomination	2:214	9:26		medium	9:26	2:214	2:214	cross_surah	label_target_note	missing_ayah_suggestion	Severe pressure immediately before the nearness of divine help gives a broad crisis pattern.	focus_9_26_cutoff_100.tsv	137	ede1f6a46161c1aff2b4585df81f668bd8f998a063e8cf9b607081abf3dc4264
reciprocal_nomination	2:214	9:42		weak	9:42	2:214	2:214	cross_surah	label_target_note	ranked_review	Hardship alongside near help offers only a loose counterpoint to arduous travel.	focus_9_42_cutoff_100.tsv	84	bee1a0fe6ad9d45fdcbbe36c787c2b1f7ee964d79c85f492d0b18e47f793739b
reciprocal_nomination	2:214	9:51		medium	9:51	2:214	2:214	cross_surah	label_target_note	missing_ayah_suggestion	Tests, distress, and the nearness of divine help add a communal-pressure parallel.	focus_9_51_cutoff_100.tsv	103	62a3cf72a09c47cf15fa27cc1c62e9bf71b1903b89cbe051f151f72bd10ab412
reciprocal_nomination	2:214	9:88		medium	9:88	2:214	2:214	cross_surah	label_target_note	ranked_review	Adds الرسول والذين آمنوا معه under severe ordeal, extending the معَه relation.	focus_9_88_cutoff_100.tsv	37	e838bf93c032c85708feb739a168c864de362f75393e585cef3eb08c5419e2a6
reciprocal_nomination	2:214	9:99		weak	9:99	2:214	2:214	cross_surah	label_target_note	ranked_review	Entry and trial motif is too remote.	focus_9_99_cutoff_100.tsv	73	7c592172f0ad3ebeb276e982af70a894b602e2cbe3228712514c7691fdd0df4a
reciprocal_nomination	2:214	9:120		weak	9:120	2:214	2:214	cross_surah	label_target_note	missing_ayah_suggestion	Hardship before promised relief gives a broad endurance frame, but no route or record correspondence.	focus_9_120_cutoff_100.tsv	121	6d5b30ac65f824df0ca9a624bb15876c0cd8525a107ddd45c49bf3e0f381442c
reciprocal_nomination	2:214	9:126		medium	9:126	2:214	2:214	cross_surah	label_target_note	missing_ayah_suggestion	Hardship before relief frames testing as pressure on professed commitment.	focus_9_126_cutoff_100.tsv	103	86f3097f993400389fbf5df359da9b1430f65e52b9373036172212be86403231
reciprocal_nomination	2:214	10:21		medium	10:21	2:214	2:214	cross_surah	label_target_note	ranked_review	Hardship culminating in appeal adds a responsive pressure pattern.	focus_10_21_cutoff_100.tsv	61	ec1d1d28b6e50104aa8d8a8f7efe9752be5ed04fe395e0956e032b2d87608991
reciprocal_nomination	2:214	10:102		strong	10:102	2:214	2:214	cross_surah	label_target_note	ranked_review	Supplies an earlier-community pattern in which severe trial precedes near help.	focus_10_102_cutoff_100.tsv	10	67a68a5b4f57e3c1c3289431a6603f2a3875e128c6046dd577cd9ddd8d086cf0
reciprocal_nomination	2:214	11:7		medium	11:7	2:214	2:214	cross_surah	label_target_note	missing_ayah_suggestion	Testing before entry into the garden adds an endurance-facing dimension.	focus_11_7_cutoff_100.tsv	109	5452bc6014400c204d25f4d18459fa5522077f84b5940bc361161129dfcec1c7
reciprocal_nomination	2:214	11:24		weak	11:24	2:214	2:214	cross_surah	label_target_note	ranked_review	Past trial patterns do not clarify the blind-hearing comparison.	focus_11_24_cutoff_100.tsv	48	7385505c9e28fed0e4c020ea3350692ed40a3e1593ca63c699b3ce3019871057
reciprocal_nomination	2:214	11:58		weak	11:58	2:214	2:214	cross_surah	label_target_note	ranked_review	Shared hardship of messenger and believers is only a remote antecedent to later rescue.	focus_11_58_cutoff_100.tsv	37	20dac6b7c7237c9a9326f8f32c74c5e14796380b9010105cd93317d6b592be41
reciprocal_nomination	2:214	11:64		weak	11:64	2:214	2:214	cross_surah	label_target_note	ranked_review	Near divine help amid harm is too general to clarify the focus.	focus_11_64_cutoff_100.tsv	60	f6a5abab8d0eeec1c82ce1e29eeafbf997932226db96da920bc138f30863b562
reciprocal_nomination	2:214	11:94		weak	11:94	2:214	2:214	cross_surah	label_target_note	ranked_review	Trial and help are not the selective judgment scene at issue.	focus_11_94_cutoff_100.tsv	67	dd88cb813c2adf149571f299e21e55a80c9ad891cc5f131d5f8de7980007a727
reciprocal_nomination	2:214	11:120		strong	11:120	2:214	2:214	cross_surah	label_target_note	missing_ayah_suggestion	Earlier believers and their messenger face extreme hardship before help, supplying a direct perseverance pattern for stabilization.	focus_11_120_cutoff_100.tsv	101	72bdd3d5d93df67d2d640a0929f45661ff3578971f82426bdd279372eda39f3e
reciprocal_nomination	2:214	12:60		weak	12:60	2:214	2:214	cross_surah	label_target_note	ranked_review	Yardımın yakınlığı, odaktaki yaklaşma yasağına belirgin ekleme yapmaz.	focus_12_60_cutoff_100.tsv	78	40497b8a7a6f707a9a78d313be90ebd4590d58b990a96e91346685ab288b22a6
reciprocal_nomination	2:214	12:67		weak	12:67	2:214	2:214	cross_surah	label_target_note	ranked_review	Sarsıntı içindeki yardım beklentisi, dayanma yönüne dolaylı katkıdır.	focus_12_67_cutoff_100.tsv	76	8971fa1fdabe5d194a2448e1ed428738e61e116c361db6d1db3580c2e1325f6c
reciprocal_nomination	2:214	12:69		weak	12:69	2:214	2:214	cross_surah	label_target_note	ranked_review	Connects eventual entry with hardship and relief, but not with the fraternal scene.	focus_12_69_cutoff_100.tsv	66	b60b7237cc0731b689f840222b034a2b4d0f53748de36ba987388ed03aa7eb46
reciprocal_nomination	2:214	12:86		strong	12:86	2:214	2:214	cross_surah	label_target_note	missing_ayah_suggestion	Places acute trial beside the imminence of divine help, closely matching grief held with hope.	focus_12_86_cutoff_100.tsv	113	24929bd1643ef7dc7387ec95b4aa5fb3b13b058bae7a8662634ba620ce4c7663
reciprocal_nomination	2:214	12:87		medium	12:87	2:214	2:214	cross_surah	label_target_note	missing_ayah_suggestion	Yardımın ne zaman geleceği sorusunu Allah'ın yardımının yakınlığıyla karşılaması, ümit kesme eşiğine ikincil bir cevap verir.	focus_12_87_cutoff_100.tsv	123	fcc3fcb145d4d3c909608b977a65f0a7af828a41e19c0001bb763a8f3087b719
reciprocal_nomination	2:214	12:110		strong	12:110	2:214	2:214	cross_surah	label_target_note	missing_ayah_suggestion	Direct waiting for divine aid after extreme trial; aid is declared near.	focus_12_110_cutoff_100.tsv	101	4e16f50a4445e2d9063f425e277ae387a5154cf881224fcd7a957b762adf6bf3
reciprocal_nomination	2:214	13:35		medium	13:35	2:214	2:214	cross_surah	label_target_note	ranked_review	Places entrance to the garden after severe testing and perseverance.	focus_13_35_cutoff_100.tsv	52	859456433cdbe963fd87c14d3e11704988f30c28045896cd770c55b722341bf7
reciprocal_nomination	2:214	14:9		weak	14:9	2:214	2:214	cross_surah	label_target_note	ranked_review	Öncekilerin örneğini verir, ancak elçiye ret ve açık kanıt dizisine uzak kalır.	focus_14_9_cutoff_100.tsv	55	a29994661de4bed26a8bf94eee22bc1aa7d58eac7bf39216cf0dc1c49e2b58a9
reciprocal_nomination	2:214	14:12		strong	14:12	2:214	2:214	cross_surah	label_target_note	missing_ayah_suggestion	A close precedent for believers and messengers being shaken before relief.	focus_14_12_cutoff_100.tsv	123	ed853a6a10e631d4031c905ecb6cb73c199a68f274491688d74995f5639badf9
reciprocal_nomination	2:214	14:42		weak	14:42	2:214	2:214	cross_surah	label_target_note	ranked_review	Corrects expectation under trial, but not the focus's judgment-delay inference.	focus_14_42_cutoff_100.tsv	54	3a9fa0b960c63e38bcc836ef3b637e367d0326a0c4674d4aea41afa007017b63
reciprocal_nomination	2:214	14:47		medium	14:47	2:214	2:214	cross_surah	label_target_note	ranked_review	Frames delayed help and hardship before the assurance of nearness.	focus_14_47_cutoff_100.tsv	57	7faabe5c0c6a209a6510c09b50b6ab6e4bdc2f3745aa45db423addd67f205c8d
reciprocal_nomination	2:214	15:46		medium	15:46	2:214	2:214	cross_surah	label_target_note	ranked_review	Adds hardship as a possible precondition before garden entry, not its denial.	focus_15_46_cutoff_100.tsv	82	d549b23e35d641c74eebae9389fc50063ac6606879438a46162f7295e43dd7ad
reciprocal_nomination	2:214	15:52		weak	15:52	2:214	2:214	cross_surah	label_target_note	ranked_review	Trial and expected aid provide only a broad fear-to-help pattern.	focus_15_52_cutoff_100.tsv	66	e7bb52d7cff2cca4c418a2803a6b48e43f66f20ed3da83bd7969ca6c4746217c
reciprocal_nomination	2:214	16:42		medium	16:42	2:214	2:214	cross_surah	label_target_note	missing_ayah_suggestion	Places endurance within prolonged trial and expectation of divine help.	focus_16_42_cutoff_100.tsv	101	ca8e100447624ebe2bd225fe651c73add45ca8c076ba816e6b53a2867d33b259
reciprocal_nomination	2:214	16:53		medium	16:53	2:214	2:214	cross_surah	label_target_note	missing_ayah_suggestion	Places distress within a collective cry for Gods help.	focus_16_53_cutoff_100.tsv	105	6b0564db81795a14d2e1e5b597a836c5aa2a04d9ddb69987eda29479f11cf4a9
reciprocal_nomination	2:214	16:74		weak	16:74	2:214	2:214	cross_surah	label_target_note	ranked_review	Historical precedent supplies only a remote use of mathal.	focus_16_74_cutoff_100.tsv	26	b61996668aa77dae44eb38e8fe8b5e4e7383740ffbfeac3e36c4722af0e2efd2
reciprocal_nomination	2:214	16:110		strong	16:110	2:214	2:214	cross_surah	label_target_note	missing_ayah_suggestion	Portrays severe inherited trial and shaking before relief, closely framing endurance under pressure.	focus_16_110_cutoff_100.tsv	104	90d65e0b90c1382fcc4323de49e81a308d6920ca86fedcac066c4a343c0c38b3
reciprocal_nomination	2:214	17:48		weak	17:48	2:214	2:214	cross_surah	label_target_note	ranked_review	Uses prior experience as an example, but its trial context is remote.	focus_17_48_cutoff_100.tsv	84	831fe5c2311bcf00523e6ec7c3fdf31ab2623960e9cc4088587804edd42658ad
reciprocal_nomination	2:214	17:74		medium	17:74	2:214	2:214	cross_surah	label_target_note	missing_ayah_suggestion	Severe communal shaking precedes the question of divine help.	focus_17_74_cutoff_100.tsv	161	9c2df352418f6967ceac21a2281dd56a7d7da0f92454ab6d26bdf7ddbc73cbf1
reciprocal_nomination	2:214	17:80		medium	17:80	2:214	2:214	cross_surah	label_target_note	ranked_review	Severe shaking and anticipated help show that pressure need not negate directed passage.	focus_17_80_cutoff_100.tsv	24	6a81fba6a80a9dbb8a2417f88a5c4b4b325763f55e2580b1fb38a5850f8246f5
reciprocal_counterevidence	2:214	17:88		no value	17:88	2:214	2:214	cross_surah	label_target_note	ranked_review	Historical testing as an example is unrelated to the focus.	focus_17_88_cutoff_100.tsv	88	81eb590c0167339afc4d59a953ae631edbf594f30a1f05bff100bf78964b1235
reciprocal_nomination	2:214	18:9		weak	18:9	2:214	2:214	cross_surah	label_target_note	ranked_review	Its challenged expectation and trial offer only a provisional general parallel.	focus_18_9_cutoff_100.tsv	21	02415bfbe2a696b8c2bc79e828bec5416013eb779732d3c336c63315ce98d2c0
reciprocal_nomination	2:214	18:14		medium	18:14	2:214	2:214	cross_surah	label_target_note	missing_ayah_suggestion	İnananların sarsıldığı sınama, kalplerin bağlanmasına ihtiyaç doğuran baskı zeminini gösterir.	focus_18_14_cutoff_100.tsv	102	71ddeb603aaece63c64399a191fed8042f85738ff4596f8d3710998e3e027984
reciprocal_nomination	2:214	18:18		weak	18:18	2:214	2:214	cross_surah	label_target_note	ranked_review	Uses حَسِبْتُمْ in a different testing context.	focus_18_18_cutoff_100.tsv	24	0b53561ca52b8d5b16cef9d233bbd5fade3112af7bcf0f2e8137aa6aaa4fc233
reciprocal_nomination	2:214	18:40		weak	18:40	2:214	2:214	cross_surah	label_target_note	ranked_review	Sıkıntı içindeki inananlara yardım vaadi, kayıp sonrasında ilahi iyilik umuduna uzaktan bağlanır.	focus_18_40_cutoff_100.tsv	79	438572fd46948bd2b65ea40844a152953404a5e1ce5052d129d1a93186e13ff3
reciprocal_nomination	2:214	18:102		weak	18:102	2:214	2:214	cross_surah	label_target_note	ranked_review	Its question about entering Paradise is a distant use of hasiba.	focus_18_102_cutoff_100.tsv	36	b9c55c6011d47fa88f7ccbdbe78d29ffd48c37fea4d1c2769005e9bd1b70d6fa
reciprocal_nomination	2:214	18:104		weak	18:104	2:214	2:214	cross_surah	label_target_note	ranked_review	The believers' trial before entering Paradise concerns endurance, not illusory goodness.	focus_18_104_cutoff_100.tsv	52	31d39fc7d8f595cac652fa3f5b25f24338f80ff94339fb00e6c27eb858679257
reciprocal_counterevidence	2:214	20:104		no value	20:104	2:214	2:214	cross_surah	label_target_note	ranked_review	Its trial and promised help do not clarify the focus's estimate of time.	focus_20_104_cutoff_100.tsv	51	45a64037325fcd2a76acb3ee056e942581a6810ccd10164733582871bff03e48
reciprocal_nomination	2:214	21:12		weak	21:12	2:214	2:214	cross_surah	label_target_note	ranked_review	Believers' trials and expectation of help concern a different testing pattern from the focus's punishment.	focus_21_12_cutoff_100.tsv	80	a4fd418c84c20f7dffe69a02f7f983510f59fc1235ff48b5d000f1fe06c0c8a3
reciprocal_nomination	2:214	21:35		medium	21:35	2:214	2:214	cross_surah	label_target_note	missing_ayah_suggestion	Hardship, distress, and shaking test the believers before promised help arrives.	focus_21_35_cutoff_100.tsv	103	bdf7250286b80aee5d3fd27194a6a46ac09633d2a5ea26534cf9d0168cbf6886
reciprocal_nomination	2:214	21:43		weak	21:43	2:214	2:214	cross_surah	label_target_note	ranked_review	Believers asking when God's help comes is a contrary use of help, only loosely useful after direct parallels.	focus_21_43_cutoff_100.tsv	29	ed3463582c9cfaf2362f1cab681a8a2998cb27356ce00f0596b785338480bb96
reciprocal_nomination	2:214	21:46		weak	21:46	2:214	2:214	cross_surah	label_target_note	ranked_review	Severe trial produces a cry for divine help, a distant contrast to the wrongdoers' confession under punishment.	focus_21_46_cutoff_100.tsv	37	70f3b37eef4d565843470949a42f5eee0711c781e916c7a2414ca4cdcb619fc2
reciprocal_nomination	2:214	22:1		medium	22:1	2:214	2:214	cross_surah	label_target_note	ranked_review	Uses shaking as severe trial and holds it beside the nearness of divine help.	focus_22_1_cutoff_100.tsv	55	8f0423f03d704df0d9a6b724cbd3b6d15f4e2df2417dd0dd1ae68e17d263cdfc
reciprocal_nomination	2:214	22:13		weak	22:13	2:214	2:214	cross_surah	label_target_note	ranked_review	Near divine help amid distress gives a broad contrast to near harm, without identifying a false patron.	focus_22_13_cutoff_100.tsv	75	b1aace4672d553deaafe756db0093771812a295d8b6c9b26b7c87b5f0e89d3a5
reciprocal_nomination	2:214	22:23		weak	22:23	2:214	2:214	cross_surah	label_target_note	ranked_review	Entry after trial gives a secondary route condition.	focus_22_23_cutoff_100.tsv	73	3d0f0fed9c4f29c9fab3c9b180da610657b55f21b767226a1a52a2eac15b86d3
reciprocal_nomination	2:214	22:53		medium	22:53	2:214	2:214	cross_surah	label_target_note	missing_ayah_suggestion	It presents severe hardship as a test endured by earlier believers before divine help.	focus_22_53_cutoff_100.tsv	110	a4d304f5f5f9ee5d66f4a2c05d6b5167340de5696c30ac2c918a152c4a6f3ab7
reciprocal_nomination	2:214	22:59		medium	22:59	2:214	2:214	cross_surah	label_target_note	ranked_review	It conditions expectation of Paradise on the trials of prior believers, adding a testing frame for entry.	focus_22_59_cutoff_100.tsv	76	c2f9d837b676cdef891be842c016ef16df384cdb33b38afe1c0fd3f0896c0649
reciprocal_nomination	2:214	23:65		weak	23:65	2:214	2:214	cross_surah	label_target_note	ranked_review	Believers ask when God's help will come during trial, contrasting with the final point when help is no longer available.	focus_23_65_cutoff_100.tsv	88	b2eac036e7c846a64e3ca9c53c5db4674414e4a8bef83ac2a9961dc2cd8bc99d
reciprocal_nomination	2:214	23:115		weak	23:115	2:214	2:214	cross_surah	label_target_note	ranked_review	It rejects an easy-entry assumption, offering a general boundary against treating the path as purposeless ease.	focus_23_115_cutoff_100.tsv	72	cbae9b33b6ed6deb66aa0e1ff3ce492a04ef89c8cec7758bf9bab5f34b94313a
reciprocal_counterevidence	2:214	24:17		no value	24:17	2:214	2:214	cross_surah	label_target_note	ranked_review	Trials before divine help do not clarify speech circulation or non-return.	focus_24_17_cutoff_100.tsv	90	379e255701a06e1cb7b9c940a261c89bc088c597f42270ab2b989e8de7766085
reciprocal_nomination	2:214	24:27		weak	24:27	2:214	2:214	cross_surah	label_target_note	ranked_review	Conditional entry into Paradise is only a distant analogy to access governed by a higher condition.	focus_24_27_cutoff_100.tsv	40	796f39923d84257c9495aa19780002b39b4ed8f4fd9465722885a2924b7862cc
reciprocal_counterevidence	2:214	24:29		no value	24:29	2:214	2:214	cross_surah	label_target_note	ranked_review	Entry into Paradise after hardship has no relevant domestic-access relation.	focus_24_29_cutoff_100.tsv	64	2ff51968e874d2d87160b8903b8d7da08a161feb65e3b532a421fb022bc6ff80
reciprocal_nomination	2:214	24:34		medium	24:34	2:214	2:214	cross_surah	label_target_note	ranked_review	The ordeal of those before becomes a relevant example for the present believing community.	focus_24_34_cutoff_100.tsv	49	bc930980c7072ab3528b2c94a4c71318fa2a061acf468b80ed439a59dc10cf06
reciprocal_counterevidence	2:214	25:7		no value	25:7	2:214	2:214	cross_surah	label_target_note	ranked_review	The believers' trial and expectation of divine help do not concern the messenger's humanity or warning role.	focus_25_7_cutoff_100.tsv	76	48bfa63c53f04cbd861cc519ab3425a29e2316390cdbdfadc57c664dc8dc6577
reciprocal_counterevidence	2:214	26:27		no value	26:27	2:214	2:214	cross_surah	label_target_note	ranked_review	Hardship around a messenger and believers does not clarify the accusation.	focus_26_27_cutoff_100.tsv	46	20214c4afd59c50d9502c49994ecdb319c44525b8554f2f13dec52b0d4739210
reciprocal_nomination	2:214	26:93		weak	26:93	2:214	2:214	cross_surah	label_target_note	ranked_review	The nearness of God's help in trial is a remote positive contrast.	focus_26_93_cutoff_100.tsv	90	63e7174123e595a85532d34013f12e6a7f9e4bdf3ad267209203e701b5a23770
reciprocal_counterevidence	2:214	27:12		no value	27:12	2:214	2:214	cross_surah	label_target_note	ranked_review	Cennete girişten önceki imtihan, odaktaki mucizeyle ilgili değildir.	focus_27_12_cutoff_100.tsv	72	15e2d301e29b2ba48ab5775288b0af57e1a21ed1a6daf40c23ff1c3a167c41db
reciprocal_counterevidence	2:214	27:44		no value	27:44	2:214	2:214	cross_surah	label_target_note	ranked_review	İman edenlerin sınanması, bu ayetteki görme hatası ve itirafla belirgin biçimde birleşmez.	focus_27_44_cutoff_100.tsv	42	b3f0b24eee4eae653b429f4b4100140ddd1fd8b9b2b46b004ad5a64580366014
reciprocal_nomination	2:214	27:88		weak	27:88	2:214	2:214	cross_surah	label_target_note	ranked_review	It corrects expectations about effortless entry into Paradise, but does not concern sensory appearance or movement.	focus_27_88_cutoff_100.tsv	27	b5b5543f4c50b1002b4f1cd1937535b68d4036a8cf22c2bf37f4eee92b2f088b
reciprocal_counterevidence	2:214	28:79		no value	28:79	2:214	2:214	cross_surah	label_target_note	ranked_review	Cennete giris oncesi sinanma, kamusal servet gosterisi ve imrenme baglamini acmaz.	focus_28_79_cutoff_100.tsv	66	1365a8a0bef5d3f339c5ab7ee8f606605a17b5f0361c1d3056026a6947cbdaa5
reciprocal_nomination	2:214	28:81		weak	28:81	2:214	2:214	cross_surah	label_target_note	ranked_review	Believers' trial and anticipated divine aid concern a contrasting context.	focus_28_81_cutoff_100.tsv	77	d357090e51c311b75b6c7af756e8d4b011f2cdcd82aafca4fa323072d4c3d3b5
reciprocal_nomination	2:214	29:2		strong	29:2	2:214	2:214	cross_surah	label_target_note	missing_ayah_suggestion	It asks whether believers expect entry before experiencing the trials of earlier communities.	focus_29_2_cutoff_100.tsv	103	e8cda59f885767948e83ecce8a9a1db8c7517a2d428e6a15b3c5c43cfe343370
reciprocal_nomination	2:214	29:10		strong	29:10	2:214	2:214	cross_surah	label_target_note	ranked_review	İnananların şiddetli sıkıntıyla sarsılıp Allah'ın yardımını beklemesi, 29:10'daki baskı altında dayanma sınamasının güçlü paralelidir.	focus_29_10_cutoff_100.tsv	43	06e2a86611d305e67e30aa90a5db823f878664d5769595a663107a09ddc8cda3
reciprocal_nomination	2:214	30:4		medium	30:4	2:214	2:214	cross_surah	label_target_note	missing_ayah_suggestion	The question of when God's help will come, answered by its nearness, directly supplies the waiting posture of a promised reversal.	focus_30_4_cutoff_100.tsv	101	7ef2811d614beaa19f6d75ef49c23cb524494f0c9e2cf77154da55cd192a1110
reciprocal_nomination	2:214	30:5		medium	30:5	2:214	2:214	cross_surah	label_target_note	missing_ayah_suggestion	The cry that God's help is near situates aid within severe testing and patient expectation.	focus_30_5_cutoff_100.tsv	113	6f7e7da4a40f276837b41b7c4d62f789a2d28378d6f67acb727a931cbd67e881
reciprocal_nomination	2:214	30:47		medium	30:47	2:214	2:214	cross_surah	label_target_note	ranked_review	It places believers and their messenger under severe trial before declaring that God's help is near, adding the testing context of that aid.	focus_30_47_cutoff_100.tsv	58	3edaf8d8ad1787516191133f8ba644fe389b5bd360fc670e8ef60218cb085ba1
reciprocal_nomination	2:214	33:9		strong	33:9	2:214	2:214	cross_surah	label_target_note	missing_ayah_suggestion	The ordeal of believers culminates in the assurance that God's help is near.	focus_33_9_cutoff_100.tsv	101	5869b74aed4e614922aca1ca9854422300ca21c86579db4b6a223fe06fed011d
reciprocal_nomination	2:214	33:10		strong	33:10	2:214	2:214	cross_surah	label_target_note	missing_ayah_suggestion	Its hardship and shaking until help is sought closely parallel the severe collective test that follows the focus.	focus_33_10_cutoff_100.tsv	112	00e292b42386a64726a22790aa79f5cfe12169f7d322b277e7b8946229be7104
reciprocal_nomination	2:214	33:11		strong	33:11	2:214	2:214	cross_surah	label_target_note	ranked_review	Believers are shaken by hardship until they ask for help, a close communal analogue to the focus.	focus_33_11_cutoff_100.tsv	4	c15144984ffe03cb346b28086a6e4db85c2b2bb68a05bb789b38a97a3aab37b9
reciprocal_nomination	2:214	33:12		strong	33:12	2:214	2:214	cross_surah	label_target_note	ranked_review	A severe shaking tests believers until help is sought, closely paralleling the siege pressure before the focus.	focus_33_12_cutoff_100.tsv	55	0262ab2d86da5818934afd0217cbdcc06f6dd55ed200c382988e221929c58523
reciprocal_nomination	2:214	33:14		medium	33:14	2:214	2:214	cross_surah	label_target_note	ranked_review	Severe communal testing before divine help provides a broad context for pressure without validating surrender.	focus_33_14_cutoff_100.tsv	90	d8e070a1d7cc4521fd8e60438f55d899c0db17b0eccc876cbdb772d37c4e503b
reciprocal_nomination	2:214	33:16		weak	33:16	2:214	2:214	cross_surah	label_target_note	ranked_review	Severe trial and the nearness of divine help give only a broad hardship context.	focus_33_16_cutoff_100.tsv	96	f53af87171abe612c12f2ab3baa5386c9ff694a71e453dfd42944b4da9df38b2
reciprocal_nomination	2:214	33:20		strong	33:20	2:214	2:214	cross_surah	label_target_note	ranked_review	It rebukes the assumption of entering Paradise without trial and places believers under severe conflict pressure, strongly correcting easy expectations.	focus_33_20_cutoff_100.tsv	78	41f606479384fb645367f391e423c402072cb03b8aaf86ead298377d7165685b
reciprocal_nomination	2:214	33:22		strong	33:22	2:214	2:214	cross_surah	label_target_note	missing_ayah_suggestion	Believers are asked whether they expect entry without the earlier communities' severe trial, ending with assurance that God's help is near.	focus_33_22_cutoff_100.tsv	112	769def611431c7c7581e3ae44e9149fd05c0ec293ed15cdf6bacad28c65f56da
reciprocal_nomination	2:214	33:38		medium	33:38	2:214	2:214	cross_surah	label_target_note	ranked_review	Recalls the trials of earlier communities, giving historical substance to those who passed before.	focus_33_38_cutoff_100.tsv	19	281bc278a4c9a05b63a8cdb93e3acec38f7f2ba8c130c2878b73e4ac96e5cbd2
reciprocal_nomination	2:214	33:62		medium	33:62	2:214	2:214	cross_surah	label_target_note	ranked_review	Uses earlier believers' trials as a recurring precedent for the present community.	focus_33_62_cutoff_100.tsv	22	b7730215c02a00138e0e579094c3f49b19f57b0e5ffd3693d0e9e2f32a0446d5
reciprocal_nomination	2:214	34:51		weak	34:51	2:214	2:214	cross_surah	label_target_note	ranked_review	Near divine help under trial gives a non-punitive temporal contrast.	focus_34_51_cutoff_100.tsv	42	5fafc5d60466fce777ef80a3a189be07a0d3deb1c8dc27d196dd7ea4c4a6a4fa
reciprocal_nomination	2:214	36:26		medium	36:26	2:214	2:214	cross_surah	label_target_note	missing_ayah_suggestion	Entry into the garden follows hardship and tested perseverance.	focus_36_26_cutoff_100.tsv	113	bc43c18c3609b6a3d83fe7f07e9317fb630cae9619cf8d70dca84ec213d74859
reciprocal_counterevidence	2:214	36:42		no value	36:42	2:214	2:214	cross_surah	label_target_note	ranked_review	The precedent of earlier believers' hardship does not clarify transport or creation.	focus_36_42_cutoff_100.tsv	33	a3e0d5c1ec83c0aff2242390998e1f9d924d47d33f487a861b40458ff53b70c9
reciprocal_nomination	2:214	37:74		weak	37:74	2:214	2:214	cross_surah	label_target_note	ranked_review	Believers' distress and anticipated divine help give only a broad rescue parallel.	focus_37_74_cutoff_100.tsv	71	f21c71a887a39cb410710a4bddfc6c45768d9a51f2f01cd50ff193d75a0559ce
reciprocal_nomination	2:214	37:116		strong	37:116	2:214	2:214	cross_surah	label_target_note	missing_ayah_suggestion	It declares that God's help is near amid severe trial, supplying the source of the focus's deliverance.	focus_37_116_cutoff_100.tsv	101	af1db87823234110ff86dfbb0c7a1491cf97fce63c933fded1b92096c9f450dd
reciprocal_nomination	2:214	37:172		strong	37:172	2:214	2:214	cross_surah	label_target_note	ranked_review	Believers and their messenger await God's help, then receive assurance that it is near.	focus_37_172_cutoff_100.tsv	75	0f4f87d795ecb12b0e635e1a9551588a1a8e00a525a426d9f5c9c2a19eebddea
reciprocal_nomination	2:214	37:173		strong	37:173	2:214	2:214	cross_surah	label_target_note	missing_ayah_suggestion	The believers' cry for divine help is answered by the assurance that God's help is near.	focus_37_173_cutoff_100.tsv	101	f06b5ac98ac5c8e6ff984b5348667e38cd7bb07bfc5072792ef29e3c13844415
reciprocal_nomination	2:214	38:41		strong	38:41	2:214	2:214	cross_surah	label_target_note	missing_ayah_suggestion	Hardship and adversity shake believers until they ask when God's help will come, closely joining trial and appeal.	focus_38_41_cutoff_100.tsv	105	74def59950adf5d3ff1930c376cf384af4cbcb19a9ae8222efe943e400ab8831
reciprocal_nomination	2:214	39:47		weak	39:47	2:214	2:214	cross_surah	label_target_note	ranked_review	The warning against assuming entry into Paradise without trial is a distant correction of false expectation.	focus_39_47_cutoff_100.tsv	76	80ed8c86869dba770e34962e9e5e1faf5a04ff68552840fa4c7e7d61bbfce875
reciprocal_nomination	2:214	40:30		medium	40:30	2:214	2:214	cross_surah	label_target_note	ranked_review	Earlier believers' hardship becomes a precedent for later believers, giving a constructive form of historical comparison.	focus_40_30_cutoff_100.tsv	68	cf32da32667af4acab1c50cd7679659b5bd66f527e2026f55ad3e95a9830ca8b
reciprocal_nomination	2:214	40:31		weak	40:31	2:214	2:214	cross_surah	label_target_note	ranked_review	The trials of earlier believers concern endurance rather than the rejecting conduct and outcome in the focus.	focus_40_31_cutoff_100.tsv	21	c30027b8f31ccc259efbe1a84e8a32b0457e44358f6b62906cdbe746d8dd1a99
reciprocal_counterevidence	2:214	40:46		no value	40:46	2:214	2:214	cross_surah	label_target_note	ranked_review	Testing before entry into Paradise does not materially clarify the focus's punishment scene.	focus_40_46_cutoff_100.tsv	69	fc90ba47d051aa6a35e139e934f3289669943f23427c925d15c21fef59f19c70
reciprocal_nomination	2:214	40:76		weak	40:76	2:214	2:214	cross_surah	label_target_note	ranked_review	Garden entry after trial gives a remote positive alternative rather than explaining the focus.	focus_40_76_cutoff_100.tsv	72	1d512eae499f2cc9116bdf78efba25c8186b183b1b2cbbfb83b398939eeebe5a
reciprocal_nomination	2:214	40:77		medium	40:77	2:214	2:214	cross_surah	label_target_note	missing_ayah_suggestion	It places severe testing beside the question of when divine help will come and answers that God's help is near.	focus_40_77_cutoff_100.tsv	169	962946f6ed9ba4b2ad17d26e196ec7a2d3f49da361aeb45b7832f2948ec0b51d
reciprocal_counterevidence	2:214	42:11		no value	42:11	2:214	2:214	cross_surah	label_target_note	ranked_review	The believers' trial before entering Paradise does not clarify creation or divine attributes.	focus_42_11_cutoff_100.tsv	72	220810bd837466dcdde3297518f08e0cf742a1d3a83f149c221d7571f0952668
reciprocal_nomination	2:214	42:18		weak	42:18	2:214	2:214	cross_surah	label_target_note	ranked_review	Believers asking when aid comes gives only a limited temporal counterpart to seeking haste.	focus_42_18_cutoff_100.tsv	88	7e7841df255e4dfbcb38e94b28f7cb8420ebc4f5231a8d0c4fb67afb079df8b3
reciprocal_nomination	2:214	43:37		weak	43:37	2:214	2:214	cross_surah	label_target_note	ranked_review	The challenge to expecting easy entry into Paradise is only a broad correction of expectation.	focus_43_37_cutoff_100.tsv	65	77ce791dab67fb24fa7ef001434bd2f8fe8cdfcb691b7a04b5eea5c8d6034c18
reciprocal_nomination	2:214	44:37		weak	44:37	2:214	2:214	cross_surah	label_target_note	ranked_review	Past believers' trials provide only a general historical comparison, not the fate of guilty peoples.	focus_44_37_cutoff_100.tsv	68	26729022383371782bee1ab9a1ebd668f03f452f227c22e2ab059971c584ed8e
reciprocal_nomination	2:214	46:28		weak	46:28	2:214	2:214	cross_surah	label_target_note	ranked_review	Contrasts false rescue expectations with help from God amid severe trial.	focus_46_28_cutoff_100.tsv	96	4e70c3b403cc3e326afdccf6ac50059df98cf12a20849e0d3651f92aae6bf722
reciprocal_nomination	2:214	47:6		weak	47:6	2:214	2:214	cross_surah	label_target_note	ranked_review	Sets hardship before garden entry, a broad threshold parallel with limited recognition value.	focus_47_6_cutoff_100.tsv	63	949a85a753caf898be139aa781a5167d24e41ed48327eb876978f59e4e143273
reciprocal_nomination	2:214	47:7		strong	47:7	2:214	2:214	cross_surah	label_target_note	missing_ayah_suggestion	Places the question of divine help within severe testing and declares that help is near.	focus_47_7_cutoff_100.tsv	101	32c4d2c853a2591a57be69de304e3dc2cfb936822a20d6d252ce5d68451531f7
reciprocal_nomination	2:214	47:10		weak	47:10	2:214	2:214	cross_surah	label_target_note	ranked_review	مَثَل of earlier believers concerns trial and aid, a secondary contrast to disbelievers' ruin.	focus_47_10_cutoff_100.tsv	75	65e603ac7c39b5365ccc3820ba0e21c0de9986ec4ba9aa0909f759a13396b939
reciprocal_nomination	2:214	47:31		medium	47:31	2:214	2:214	cross_surah	label_target_note	missing_ayah_suggestion	Places entry amid severe adversity that tests communal resolve.	focus_47_31_cutoff_100.tsv	104	db68eff512fc53db7b68034d1a1cb1071dc8d217d3b19b67c94487dd467f75d0
reciprocal_counterevidence	2:214	47:38		no value	47:38	2:214	2:214	cross_surah	label_target_note	ranked_review	Trial and anticipated help do not clarify spending, self-loss, or replacement.	focus_47_38_cutoff_100.tsv	98	f300801a091df36b360a86aba86d63e5dab835078d82e4b7cf5e76bb9503713f
reciprocal_nomination	2:214	48:1		medium	48:1	2:214	2:214	cross_surah	label_target_note	missing_ayah_suggestion	Pairs hardship with the nearness of divine help, a close temporal parallel to a near opening.	focus_48_1_cutoff_100.tsv	102	ddd1cb73ffa30f4aae1380238c1d849ca65577e66c7a916f86f2c3469472c2b9
reciprocal_nomination	2:214	48:3		strong	48:3	2:214	2:214	cross_surah	label_target_note	missing_ayah_suggestion	Directly names divine aid as near after communal trial, adding a temporal horizon for 48:3.	focus_48_3_cutoff_100.tsv	101	5090955de737bdd7abff354bce17ab91520a4d6f8aa435a25815457f44410433
reciprocal_nomination	2:214	48:20		medium	48:20	2:214	2:214	cross_surah	label_target_note	missing_ayah_suggestion	Places promised help after sustained trial, qualifying expectations of immediacy.	focus_48_20_cutoff_100.tsv	101	155bcb08a66ed7d41b3b696875e5cf6442a9e47a9b03d71a7f4f723bb4dcc2cd
reciprocal_nomination	2:214	48:23		medium	48:23	2:214	2:214	cross_surah	label_target_note	ranked_review	Earlier believers' trials and promised help give a concrete recurrent test-and-aid pattern.	focus_48_23_cutoff_100.tsv	87	e5385dfb12008a1fb452cc4a4963d16b3276397fedad64cfe983cf4f82f7142d
reciprocal_nomination	2:214	50:16		medium	50:16	2:214	2:214	cross_surah	label_target_note	ranked_review	Uses nearness for awaited aid, retaining an event-temporal reading.	focus_50_16_cutoff_100.tsv	57	31fa6ca044750907b1c98959cf391dae42098f23f83ed4d9e69b65010e93c546
reciprocal_counterevidence	2:214	50:41		no value	50:41	2:214	2:214	cross_surah	label_target_note	ranked_review	Near aid is a different temporal promise, now redundant with earlier near-event parallels.	focus_50_41_cutoff_100.tsv	90	4b33c413d61468480aa6d4b4e7e5b4edfd5c3a97305023d51f3995726c44cdfa
reciprocal_nomination	2:214	51:23		weak	51:23	2:214	2:214	cross_surah	label_target_note	ranked_review	Near help amid trial is a general promise pattern, not a direct truth-and-speech link.	focus_51_23_cutoff_100.tsv	57	ef837d7d7a20d8cd6202ff6db886ba92f5f40c0d169bcf2513bf05ec4f5b6e67
reciprocal_nomination	2:214	51:27		weak	51:27	2:214	2:214	cross_surah	label_target_note	ranked_review	Near help is a separate temporal relation, only weakly linked to the focus reading.	focus_51_27_cutoff_100.tsv	69	e9d731384540a096afa183fd3b3a16cd4933ef35c6734adbb3775ccafa5f5883
reciprocal_nomination	2:214	56:4		medium	56:4	2:214	2:214	cross_surah	label_target_note	missing_ayah_suggestion	Uses intense shaking for ordeal; a secondary, non-cosmic parallel.	focus_56_4_cutoff_100.tsv	101	5e04258321aacd5edec3011305b0e70bbf87722104cebc98ccd4a5839e53b38f
reciprocal_nomination	2:214	56:23		weak	56:23	2:214	2:214	cross_surah	label_target_note	ranked_review	Garden reference and prior-example wording remain indirect.	focus_56_23_cutoff_100.tsv	61	811ebf8b412d632a97551c6580d70189104379d73813389219bb471f6081c21f
reciprocal_counterevidence	2:214	56:61		no value	56:61	2:214	2:214	cross_surah	label_target_note	ranked_review	The example of prior hardship does not clarify replacement or renewed creation.	focus_56_61_cutoff_100.tsv	51	9859b58d80ca7fa4f00a49c15ccfee33ba9824b366b5fdeeceeb2a7f07e5e34d
reciprocal_nomination	2:214	56:85		weak	56:85	2:214	2:214	cross_surah	label_target_note	ranked_review	Near help is a temporal reassurance parallel, now redundant beside stronger nearness cards.	focus_56_85_cutoff_100.tsv	78	aa036a5d6db117dc8f47d774c1d9c778d7ff79e3730f92296f24f226859473bc
reciprocal_nomination	2:214	58:18		weak	58:18	2:214	2:214	cross_surah	label_target_note	ranked_review	Yanlış beklenti ve sınanma, ayetteki kendini aldatmaya uzaktan benzer.	focus_58_18_cutoff_100.tsv	85	66ad53d8cb6a031340b2dac07210ccc7edaa08f55a962dc0cb24eb7c4284fc52
reciprocal_nomination	2:214	58:21		strong	58:21	2:214	2:214	cross_surah	label_target_note	missing_ayah_suggestion	Allah'ın yardımının yakınlığı, sıkıntı içindeki inananlara vaat edilen ilahi destek boyutunu doğrudan ekler.	focus_58_21_cutoff_100.tsv	101	4692c2cb9302790334df643258f14cfebc798dfd39a3ef7b97268d0c28c82291
reciprocal_nomination	2:214	61:13		medium	61:13	2:214	2:214	cross_surah	label_target_note	ranked_review	Places the announcement that divine help is near within severe testing.	focus_61_13_cutoff_100.tsv	34	3fe429ab2cca5bc21b8c2826f8a1f86256d99f125ef40a713ca1a078f7b5bb66
reciprocal_nomination	2:214	64:5		medium	64:5	2:214	2:214	cross_surah	label_target_note	ranked_review	Uses earlier communities' ordeal as a present-facing precedent, without the focus's final consequence.	focus_64_5_cutoff_100.tsv	55	18c57b60fb4e409ce3705961f593ab068c6a218502fa1ac85009828115565102
reciprocal_nomination	2:214	64:11		medium	64:11	2:214	2:214	cross_surah	label_target_note	missing_ayah_suggestion	Adversity and shaking test communal iman, adding an ordeal frame without the permission formula.	focus_64_11_cutoff_100.tsv	102	6477b3f77b1b650c7d4d183f1d9598c7bed0d10934789892a0d450b9eb051911
reciprocal_nomination	2:214	67:8		weak	67:8	2:214	2:214	cross_surah	label_target_note	ranked_review	Earlier trial and hardship offer only broad precedent, not the focus's warning-accounting structure.	focus_67_8_cutoff_100.tsv	83	ece97cc2750fc59882cc6d352b359b0c5ef8f6beda8d042b447dc53955944b66
reciprocal_nomination	2:214	70:5		medium	70:5	2:214	2:214	cross_surah	label_target_note	missing_ayah_suggestion	Trial and the nearness of aid add a temporal-pressure parallel to 70:5.	focus_70_5_cutoff_100.tsv	102	2fa4a46e448f35161a45aa6d5858cbeb7d2278f08f838c9f4bcd14d5fbe36794
reciprocal_nomination	2:214	70:7		medium	70:7	2:214	2:214	cross_surah	label_target_note	ranked_review	Near help amid severe testing offers a limited parallel of expected relief.	focus_70_7_cutoff_100.tsv	63	fb6d7f747d71513c0e7e4e155c0cb708fc1fd7ecf6156ac119131b5244cf1bb2
reciprocal_nomination	2:214	70:20		medium	70:20	2:214	2:214	cross_surah	label_target_note	missing_ayah_suggestion	بأساء/ضراء and زلزلوا add a collective pressure-and-shaking configuration.	focus_70_20_cutoff_100.tsv	102	6ff5aebfb7161433c0073756ce1aba8237889aa3531fcbb9730e808eacd856ba
reciprocal_nomination	2:214	70:38		strong	70:38	2:214	2:214	cross_surah	label_target_note	ranked_review	Explicitly challenges expecting garden entry without passing through the antecedent ordeal.	focus_70_38_cutoff_100.tsv	87	00ea883948c25358820062e72ed36f33a63ea355a673a85e94b2662f20168b07
reciprocal_nomination	2:214	72:25		medium	72:25	2:214	2:214	cross_surah	label_target_note	ranked_review	The question of when help comes and the answer of nearness offer a secondary parallel.	focus_72_25_cutoff_100.tsv	67	63969b254457f06b82e3e8114e35de51a595d2922ad83111bc66d9a31ea12236
reciprocal_nomination	2:214	74:7		medium	74:7	2:214	2:214	cross_surah	label_target_note	missing_ayah_suggestion	Places endurance inside severe communal testing before divine help appears.	focus_74_7_cutoff_100.tsv	102	ca602bb971e7893a8b9d559fcf9737860b39830a5ccf543d02ada288bdc74326
reciprocal_nomination	2:214	76:24		weak	76:24	2:214	2:214	cross_surah	label_target_note	missing_ayah_suggestion	The question of when God's help comes gives a broad trial horizon but does not directly command patience.	focus_76_24_cutoff_100.tsv	197	a087746688f9bd66f62e0759aa785295e09a9e3fbec3c60f0fd3aa0f2516f995
reciprocal_nomination	2:214	76:28		weak	76:28	2:214	2:214	cross_surah	label_target_note	ranked_review	Mithl invokes prior ordeal as precedent, not created likeness or substitution.	focus_76_28_cutoff_100.tsv	80	5ec74d64f6c6c66ac1550f015a375296558ce607e89c75d6f5c4854b88a71616
reciprocal_nomination	2:214	78:27		medium	78:27	2:214	2:214	cross_surah	label_target_note	ranked_review	Cennete girişe dair yanlış varsayımı sınar; beklentinin sınanması bakımından ikincildir.	focus_78_27_cutoff_100.tsv	45	24cf0787df94759333cb2b49f8954e74acc36c50d9ef5acbca4f0dcd221df711
reciprocal_nomination	2:214	83:28		weak	83:28	2:214	2:214	cross_surah	label_target_note	ranked_review	Near divine help is only a remote lexical proximity parallel.	focus_83_28_cutoff_100.tsv	63	341634259067bbf5a0cb378e9f8a36f7b7f8502c355739238c3a840e626842c5
reciprocal_nomination	2:214	85:10		strong	85:10	2:214	2:214	cross_surah	label_target_note	missing_ayah_suggestion	Describes believers under severe pressure and shaking, a major f01 ordeal parallel.	focus_85_10_cutoff_100.tsv	102	57a9dc875c7ba21ef785dd17cea2c16a9c85d04c55a64504b5dd0b8439fcdf3f
reciprocal_nomination	2:214	88:26		weak	88:26	2:214	2:214	cross_surah	label_target_note	ranked_review	Corrects an expectation of entry, but not final accounting.	focus_88_26_cutoff_100.tsv	75	79358ca1979b5b2b600cfb7634033418458705831810696fec1991302e3f0c35
reciprocal_nomination	2:214	89:30		weak	89:30	2:214	2:214	cross_surah	label_target_note	ranked_review	Trial before expected entry adds a secondary pathway, not the focus's final scene.	focus_89_30_cutoff_100.tsv	76	2d0eed1641c2977dd65443d79095f6fe9d38e82b0c2969a05ba9b6ece540ce72
reciprocal_nomination	2:214	90:4		strong	90:4	2:214	2:214	cross_surah	label_target_note	missing_ayah_suggestion	The pressure before relief and entry supplies a direct trial-and-perseverance parallel.	focus_90_4_cutoff_100.tsv	102	d4bebdedaf6a7e254763cbdf8ae75fa1d6a41c8c63cd5762e07c3549bbe7fc8e
reciprocal_nomination	2:214	93:3		medium	93:3	2:214	2:214	cross_surah	label_target_note	missing_ayah_suggestion	The nearness of divine help supplies a secondary temporal reassurance.	focus_93_3_cutoff_100.tsv	115	3ef7679d288d0ff805237e88a250981a18162f0ae6e9ff036f5f87023d5bf7dc
reciprocal_nomination	2:214	94:6		medium	94:6	2:214	2:214	cross_surah	label_target_note	missing_ayah_suggestion	Pressure preceding aid provides a narrative parallel without the focus's simultaneous formulation.	focus_94_6_cutoff_100.tsv	111	8d95821c0f8b12685bf55ee2b9761d4c213731f460576650b4ed457b95d17025
reciprocal_nomination	2:214	99:1		medium	99:1	2:214	2:214	cross_surah	label_target_note	ranked_review	Extends shaking to a severe human test; keeps mixed and contrast routes visible.	focus_99_1_cutoff_100.tsv	3	394bef12045edede8a86bece219c40bf631531bc3883e11928a3dce4ae91f176
reciprocal_nomination	2:214	102:2		weak	102:2	2:214	2:214	cross_surah	label_target_note	ranked_review	An adversity threshold does not materially develop the focus.	focus_102_2_cutoff_100.tsv	41	386beb0ec17bfff5a249b01b2e283880f7cefe38d19e920ee44c91c4a9c481a6
reciprocal_nomination	2:214	103:3		medium	103:3	2:214	2:214	cross_surah	label_target_note	missing_ayah_suggestion	Severe trial and patience frame endurance before relief.	focus_103_3_cutoff_100.tsv	104	1cf6ef60bf2e3c366d8a7731d52e201524e7ede4a8666a2dfbe8859509ad0048
reciprocal_nomination	2:214	104:3		weak	104:3	2:214	2:214	cross_surah	label_target_note	ranked_review	A generic correction of premature expectation; remote from 104:3.	focus_104_3_cutoff_100.tsv	70	bebbca29b940aa545e2b5d0804161e8bca6c8cb043a5f8962a85c88accc67367
reciprocal_nomination	2:214	110:1		strong	110:1	2:214	2:214	cross_surah	label_target_note	ranked_review	Names نصر الله as near after severe trial, adding timing and pressure.	focus_110_1_cutoff_100.tsv	5	b996e45bddbf03b43738196f23de2ef82aa66d91560d6df9e034f66af9282577
reciprocal_nomination	2:214	114:6		weak	114:6	2:214	2:214	cross_surah	label_target_note	ranked_review	Trial before paradise does not clarify the source classes.	focus_114_6_cutoff_100.tsv	65	51bc60ce9cb719304a7f9b61f162ebfbadbe745e535b854a718d09a8b8a5e554
